,component 1,component 2,component 3
Bacteria 0,-0.38260833081027223,0.5205618215274997,-0.532100758516894
Bacteria 1,0.8427731015240646,-0.6126014644130425,2.074279958973549
Bacteria 2,-1.1865822932938834,-1.2719260006530204,-0.17259682587106562
Bacteria 3,0.13184486678294388,-0.14451327402743894,0.24316324133001424
Bacteria 4,0.3706602041023443,-0.05253827718551756,-0.8261403729942077
Bacteria 5,-1.6202427063963794,-1.6412283926069544,0.01689348643462165
Bacteria 6,-1.0848239253776244,-1.2255503842631215,-0.06537543539968817
Bacteria 7,0.7984552556814883,-0.5389428802653149,3.134139017955195
Bacteria 8,0.41445211179095554,-0.14409223563035553,-0.4952484944861455
Bacteria 9,1.582404638695475,-0.4971466695239905,-0.5100740168789436
Bacteria 10,0.15977034646004457,0.3472679836093412,-0.8478347661834271
Bacteria 11,0.4444162948733239,0.09054545910535759,0.5729632099920677
Bacteria 12,1.5769275562224871,-0.7830105930089352,-0.2547576253918252
Bacteria 13,-1.3932502643257536,-1.4718693394379163,-0.2887433551850454
Bacteria 14,-0.6824869783316301,1.6925007408677868,0.5341082597649929
Bacteria 15,-0.9124344678078895,-0.9846272525293891,0.18437443480505264
Bacteria 16,0.27481274791852495,0.6483928422384501,-1.149557709416882
Bacteria 17,-0.7391337452548504,1.9056640604092596,1.5677233440668223
Bacteria 18,-0.4019760083844893,-0.674157420150815,0.5954887319591571
Bacteria 19,-0.5340417791509727,0.8844830813926403,-0.1486000529142274
Bacteria 20,0.45117340249830407,0.021332981398852185,-0.4893746374430047
Bacteria 21,0.05260983022538935,1.1096489863615864,-0.5870557551748016
Bacteria 22,1.0233679121024668,-0.7260453367640871,-0.3860817935271245
Bacteria 23,1.008777507827677,-0.4200567574687927,2.7214927521812715
Bacteria 24,-0.2995040572789984,0.1698883557141583,-0.5302492631332978
Bacteria 25,0.8217742122945396,0.017864398988767575,-1.125086341405839
Bacteria 26,2.114584096582274,-0.7969884638460615,-0.34681148780471416
Bacteria 27,-1.167553530511284,-1.1000449078832564,-0.394144753375016
Bacteria 28,-0.9838036525732401,-0.590360399718651,0.01318440796429698
Bacteria 29,1.105834527333383,-0.4037780090689813,1.3166569223579836
Bacteria 30,1.9870492960690964,-0.8287238747786165,-0.6219081213004874
Bacteria 31,-1.1487349590903833,-0.5895219987436391,0.3817928019415169
Bacteria 32,-0.522704632835991,-0.381684507859928,0.26233012705211334
Bacteria 33,1.5861071852990523,-0.9112102529227003,0.05254049754159421
Bacteria 34,-0.15200673100485806,0.9970425132006138,-0.05057729524363969
Bacteria 35,-0.5608416858140166,1.658684143736159,0.5083422785657903
Bacteria 36,-0.45598280223316906,1.5818438347883288,0.6242541886351306
Bacteria 37,-1.1495718652423845,-1.2377989242896064,-0.22748865453837244
Bacteria 38,0.7055008958070498,-0.37543807030100246,2.6855699967571938
Bacteria 39,0.4611252568244646,-0.355753138001932,-0.531001258747109
Bacteria 40,0.2896778259794543,0.41819963972146235,-1.0639740098209773
Bacteria 41,0.24543647444645045,0.735921921165977,-0.8498637420280043
Bacteria 42,1.7273206198558362,-0.8327939068697421,-0.14328753869031097
Bacteria 43,0.010540606889506884,0.9656141199223977,-0.8652995814239596
Bacteria 44,0.016202847678035388,1.2390685218299757,-0.3127195381496113
Bacteria 45,0.6686398403157255,-0.5756832554826647,2.7394576924627345
Bacteria 46,-0.21093119137982183,-0.336882525917233,0.22351184159352894
Bacteria 47,0.05499940645772646,-0.6310443862078082,0.4574580910103723
Bacteria 48,0.5969085048034787,0.052227728023703075,-0.39458766366743303
Bacteria 49,0.2517312968066921,0.4100379181911844,-0.7545087302268743
Bacteria 50,0.33398259146552767,0.36560369911751756,-1.2820719738639108
Bacteria 51,1.8542639216480334,-0.9644235302169312,-0.05081544878894867
Bacteria 52,2.09471736349413,-0.7156000074938851,-0.6319713748628949
Bacteria 53,-1.1899967020590156,-0.43247482753100636,1.1614021778847814
Bacteria 54,-0.03592810773171071,-0.18538493256733646,-0.35140839681745234
Bacteria 55,-0.34128483154578526,-0.9667062320330745,-0.751327390311724
Bacteria 56,1.832632849456815,-0.5490838572242884,-0.5774741663644134
Bacteria 57,0.02283076166888609,0.8474134169351326,-0.7245521989796619
Bacteria 58,0.1493055586587541,0.6763480385516932,-1.1368823925431317
Bacteria 59,2.2473933375195188,-0.6774013576146348,-0.4330069362153673
Bacteria 60,0.6113057962278211,-0.6978440735703687,0.30709148956586896
Bacteria 61,0.31772873607829244,0.9709544514795801,-1.2040562647436988
Bacteria 62,-0.07828729197398962,-0.6307733402988828,-1.0190087397469323
Bacteria 63,0.03955776706339281,0.4253204872735405,-0.3460853285863043
Bacteria 64,1.695247707856831,-0.5958378433075916,-0.6237884070981107
Bacteria 65,-0.3304989192008723,0.9228508911576346,-1.6799083731251272
Bacteria 66,-1.9293099390900574,-1.4767313527505173,-0.056237123241046315
Bacteria 67,1.6526308619816985,-0.9195242053201239,-0.8980399983422889
Bacteria 68,0.10454762807527775,1.1385459091305872,-0.7009877294669431
Bacteria 69,-1.7639864957597995,-1.1780282800647335,0.009040610256941138
Bacteria 70,-0.3308090199526216,1.044816982337091,-0.23862884289134778
Bacteria 71,0.04917744225173834,0.4278201420317305,-0.49438172279004794
Bacteria 72,-0.4937230798581975,0.23887874860386124,-0.03206411712786341
Bacteria 73,-0.7001140661866825,-0.6919655448989512,0.5322042279924977
Bacteria 74,0.060405790700237036,0.6892393705716975,-1.3847988613293924
Bacteria 75,0.29582172151566033,0.36920560332528596,-0.4463284850121805
Bacteria 76,1.30357148318176,-0.7572013387310629,0.25163917975392197
Bacteria 77,0.8180021078724623,-0.4762604248865185,2.6241997200495715
Bacteria 78,1.5112712456603803,-0.7501579189453527,0.3428043465595841
Bacteria 79,-0.26235467170639254,2.0990476687085637,0.9568796299046347
Bacteria 80,-0.29543813574352623,2.1350685905520064,1.1228833222386545
Bacteria 81,-0.7468954151079424,-0.8691653886048251,0.013670478230477724
Bacteria 82,0.42967874503806974,0.13145072681526435,0.015312053098962422
Bacteria 83,-0.9803921008393158,-0.46751670916706417,0.6224443485049838
Bacteria 84,-1.1127604391933477,-1.0942771061677365,-0.1288872682521533
Bacteria 85,-0.5996549989274261,1.7711002296314848,1.2021197554307432
Bacteria 86,0.8513984327907329,-0.6593813376668357,2.7035209630813877
Bacteria 87,-1.763842437891368,-1.586460522233464,-0.04576294962815768
Bacteria 88,-1.6943009131827935,-1.622196629940825,-0.06760947108787588
Bacteria 89,-0.0979628793904904,0.7474048712036194,-1.863713848732504
Bacteria 90,0.1450448431398307,0.5613681935526471,-0.5476180430402625
Bacteria 91,0.34563967573059984,0.5056780928606279,-1.6028694869755395
Bacteria 92,-0.5545435940103339,0.13096342293831448,0.06442474672560623
Bacteria 93,1.6734080135859135,-0.4728619149400422,-0.09392947938603283
Bacteria 94,0.1942670451215918,0.19625377056594923,-0.48348410290570615
Bacteria 95,2.0818131811037506,-0.5487566525189729,0.18899563133375788
Bacteria 96,-1.6504087202531967,-1.4136747937460368,-0.3542301397486369
Bacteria 97,-1.7029116610007373,-1.7871980648649368,-0.39094434964895525
Bacteria 98,-0.16526177606608297,1.2264530917932464,-0.1596422054857527
Bacteria 99,0.29334307961937517,0.769433879411686,-1.0810944105495608
Bacteria 100,-0.6253892437009149,-1.3787041432191536,-1.3799507883896456
Bacteria 101,-1.4088717783723161,-1.3201100877907723,-0.07293069332764728
Bacteria 102,-1.258435801550684,-0.4127105708830353,0.3379407300576445
Bacteria 103,-0.5560496861902637,0.39825444316372444,-0.05696636790783849
Bacteria 104,-0.61174422320058,1.3296641980775787,0.39341238189062805
Bacteria 105,-0.10973917896808341,0.31966129371450436,-0.2673632681073796
Bacteria 106,-0.7031749841697813,1.613770240643066,1.5228350903246128
Bacteria 107,-0.2858605070113987,0.9869079328693751,0.2458911632702269
Bacteria 108,1.4523513164791515,-0.5046598911527591,-0.19052654885269438
Bacteria 109,0.04837705155815259,1.1062555069906173,-0.7257095687154501
Bacteria 110,-0.4656615038710831,2.022244522410832,1.1961428364921898
Bacteria 111,-0.49401532338522613,-1.1042588538522624,-0.9354599662374853
Bacteria 112,-0.12579019013237466,-0.45823317756028936,-0.4222722374539559
Bacteria 113,0.3911217538590699,0.5827325831176469,-0.23063522920833043
Bacteria 114,0.06989802587434148,0.18735815347655474,-0.6622499888850006
Bacteria 115,0.2942849307808419,0.831951465298649,-1.963328444771382
Bacteria 116,-0.5163031674465335,1.68021528485804,1.2170542920023169
Bacteria 117,-0.24879970168568272,0.9425896830983322,-0.8408426884075423
Bacteria 118,-0.3109136053366568,1.171182245484653,-0.22125658021465922
Bacteria 119,-0.2510469897387089,1.7170938073648767,0.32061361551925927
Bacteria 120,-0.12099341064758229,0.9206643394859119,-0.19663467317014954
Bacteria 121,-1.900995555825288,-1.601715529641102,0.27044350575330944
Bacteria 122,0.9985182131247934,-0.602568328034549,-0.1517347191767582
Bacteria 123,-0.46449235862467053,1.622074013307512,0.6265255080923587
Bacteria 124,0.5871594458753849,-0.7159891802128024,0.2753304388260323
Bacteria 125,-1.0734769916554945,-0.661666286353559,0.5961633912595827
Bacteria 126,0.22338396137949335,0.4443962175459386,-1.587924755100206
Bacteria 127,2.133501707456409,-0.7703918627985537,-0.7872209698309272
Bacteria 128,-0.003604105385611174,-0.1256674882116396,-0.6314494850691893
Bacteria 129,-0.4984589295963926,2.003439337381259,1.042113881527338
Bacteria 130,-0.13944572992635235,-0.23835840160935245,-0.7248443008115291
Bacteria 131,0.9401455828247817,-0.935682218116705,0.46748278510582814
Bacteria 132,0.2500828642424751,0.23197530676777553,-0.05603445959242785
Bacteria 133,-1.3788486050430901,-1.3567925015838742,-0.08698539414503763
Bacteria 134,0.031018940413429175,0.347776230861067,-0.8618036107348179
Bacteria 135,1.7937380649509331,-0.4912555450038726,0.029038631748892804
Bacteria 136,0.20946200571069112,0.8277050245278097,-0.12397028375002912
Bacteria 137,0.11660098945939369,1.284033341213863,-0.8801315498417052
Bacteria 138,2.0672773126960404,-0.9336023346869842,0.722271967104603
Bacteria 139,-0.2707891648425646,-0.3054228543410545,-0.6446730773396218
Bacteria 140,-1.068442445120939,-1.3588741352689504,-0.11877725653942194
Bacteria 141,-0.46310088660262977,1.6171075707355247,1.3385078291923662
Bacteria 142,-0.08558945230655422,0.09338121428457044,-0.4920619074180101
Bacteria 143,0.5521050360050985,0.07502586205372307,-0.45240549441899586
Bacteria 144,-1.9030751996638635,-1.7503986721021558,-0.017320960946741258
Bacteria 145,0.5813128676282219,-0.5480971018109277,2.898506031506313
Bacteria 146,-0.08141015078329347,0.21902489459303862,-0.7682112154907533
Bacteria 147,2.142707614846232,-0.42406511435141114,-0.1200887585828187
Bacteria 148,-0.3167406800614956,1.8932947541047378,1.1063018886096085
Bacteria 149,-0.5915233705056077,1.2974299712624444,0.5663234400902023
Bacteria 150,0.099616728294309,1.1880654819185659,-1.0822584162342146
Bacteria 151,-0.0997930578095331,0.45101099787598115,-1.356440184724749
Bacteria 152,0.11515432134853132,0.7889258246587953,-0.5067412338990662
Bacteria 153,1.2383048440516544,-0.3313502640031677,-0.6072530735838194
Bacteria 154,1.6903703690444327,-0.7914520724127007,0.3232994919925238
Bacteria 155,0.2783567462471925,0.10599146953892159,-1.0039332256200109
Bacteria 156,-0.7602259005217626,1.843186729781805,1.2017249855593584
Bacteria 157,0.8146873808809404,-0.406177406645212,1.5094002566803275
Bacteria 158,-0.3719199573134989,1.9262342009542197,0.5618484669811564
Bacteria 159,2.1547475757145245,-0.7291868389247008,0.33845172935309265
Bacteria 160,0.06879938007102777,1.0207896248221147,-0.26157618742631367
Bacteria 161,-1.9249675125911594,-1.7614436863620988,-0.1105388345935508
Bacteria 162,-0.5446152769101656,0.47125617254343144,-0.6518778757411341
Bacteria 163,-0.6235636791757893,0.8019714496770891,-1.5117820779045352
Bacteria 164,-0.24802958326777252,0.797581339848811,-2.0614258263638927
Bacteria 165,-0.4091013989331085,-0.23399031893224823,-0.2004743236247266
Bacteria 166,1.2159366216970091,-0.4728556478126954,2.8915198237590527
Bacteria 167,-1.6593917242718126,-1.4834607281839427,0.24517446725989972
Bacteria 168,0.5758807772860597,-0.42760629447710224,2.563182419690279
Bacteria 169,-0.05243092262733888,-0.025667040279913962,-0.8493543961784418
Bacteria 170,-0.8074276556308881,-0.42335540039175823,0.5321836731064619
Bacteria 171,-0.1209231118919937,0.968885015209714,-0.8336227572160118
Bacteria 172,1.407475246134334,-0.8048707054655169,-0.8327329452776642
Bacteria 173,-1.3712373183700748,-1.3626525632735127,-0.08968110794837243
Bacteria 174,1.8699611564876368,-0.7973391904270611,-0.07656390032654593
Bacteria 175,-0.02944172627427306,1.1646075412501877,-0.5086668840904903
Bacteria 176,-1.9124425322621081,-1.6230825067253654,-0.3017297905371784
Bacteria 177,-0.5702721739069017,1.911424998137847,1.4226291266665858
Bacteria 178,0.48070432081221764,-0.9179475212145092,0.11489754221217024
Bacteria 179,0.5122679817286255,0.5855320446147388,-1.3544096328995319
Bacteria 180,-0.8948260808132997,-0.5068459307964482,0.32114841779103576
Bacteria 181,0.10997442125683872,0.5184455446833403,-0.797273607268273
Bacteria 182,-0.9596348876959284,-0.5979376464084002,0.6093375261600068
Bacteria 183,-0.15450928234273448,-0.9804927349045074,-0.9916261131839962
Bacteria 184,1.5885850266681485,-0.8457696157889816,-0.0029246729818883225
Bacteria 185,-1.9414012095635786,-1.496947778844536,-0.17724941265600563
Bacteria 186,-1.1653557329720117,-0.586160691921716,0.4994189861061696
Bacteria 187,0.042962195717027134,0.8689698664921301,-0.46387961694947244
Bacteria 188,-0.7168258225335881,-1.343130993860105,-1.224378805744356
Bacteria 189,1.2299023632142254,-0.3825741463154373,-0.16412476813222254
Bacteria 190,0.07465184267312827,0.6737204930171383,-1.0130667956719803
Bacteria 191,1.5717434300087914,-0.21324992587173047,-0.3038133686647271
Bacteria 192,-0.4498737840559085,1.300923061597841,-0.06971351599635607
Bacteria 193,-0.8035271532656882,1.8311239422993986,1.4426494993523222
Bacteria 194,-0.9554048126279473,-0.8127077986207722,-0.24507448893567965
Bacteria 195,0.017749962245569424,0.49422744586647166,-0.6501842550897752
Bacteria 196,-0.014640325522455552,1.7400051434531687,0.6189962809702249
Bacteria 197,1.2917380695471419,-0.4440563230937832,-0.6187361165144384
Bacteria 198,-0.2605227870964974,1.0365584926112852,-0.21791502927718148
Bacteria 199,-0.2983908417901069,0.919535138251073,-0.0029929120128243435
Bacteria 200,-0.9670296421696116,-0.6831014647192191,-0.21809992812860016
Bacteria 201,0.9296230685459389,-0.6484928519579884,1.7153811091146267
Bacteria 202,-1.9032348075547632,-1.513756763743743,-0.08993164464004336
Bacteria 203,0.19617830919915125,-0.6133603854031445,1.213342418364858
Bacteria 204,-1.2323384264886879,-0.8257421523333944,0.04730707769560568
Bacteria 205,-0.7410442314389525,1.5884389661522522,0.5639724718120828
Bacteria 206,0.4126544126871529,-0.2885236816776439,-1.2474155121500894
Bacteria 207,1.5644720590412962,-0.7288566397537712,0.5601652282004509
Bacteria 208,-0.1462397729980308,1.0559110419737714,-1.1962239991708088
Bacteria 209,1.1674027114830574,-0.20061211817127933,0.6099864760028593
Bacteria 210,0.7817051556297513,-0.5814895182329914,2.846526427244562
Bacteria 211,0.6584316802270828,-0.4839760130186469,-0.9122190626278721
Bacteria 212,-0.08080049647027805,0.10756046918254737,-0.8886579711259432
Bacteria 213,1.4754925883867116,-0.8808542078077989,-0.13510347812190784
Bacteria 214,-0.15865040291570903,-0.3747176314877613,0.507041445441869
Bacteria 215,1.196528961809477,-0.5349418349313799,-0.310013497320803
Bacteria 216,-0.26370187346014134,1.689736747223991,-0.31206063454121363
Bacteria 217,-0.07337204252059601,0.8828206232952615,-0.9319102619682356
Bacteria 218,-0.25069884065147036,1.0811899121891573,0.006168886547997558
Bacteria 219,-0.4006366917804475,1.3961776747073362,0.3694684935573132
Bacteria 220,0.6712020506158443,0.3474884633383327,-0.5382030210658479
Bacteria 221,-0.8147175497648529,-0.5885185731011098,0.5270684329189023
Bacteria 222,-0.6168768808158925,1.4899699315759596,0.3891879871293551
Bacteria 223,-0.8005108522132385,-0.7355184805671241,0.7721963977836359
Bacteria 224,-0.39691818241144816,2.1855568662261784,1.027997803559602
Bacteria 225,-0.3336751897956968,0.9257537347173739,-1.0203998835639934
Bacteria 226,-2.1672591474055496,-2.068635189603765,-0.05253772404087565
Bacteria 227,-1.2219118492878593,-0.49629163847407703,0.6973035336209671
Bacteria 228,-0.50768271245412,-0.08604341196423049,0.36224268937246995
Bacteria 229,-0.2665580437552427,1.1227719081374379,-0.1706899677661492
Bacteria 230,-1.5950692229826342,-1.3770460165977954,0.12393057634358523
Bacteria 231,0.386015334584944,-0.1819864998744343,-0.18835720729689528
Bacteria 232,-1.9744578211598067,-1.8506376438116283,-0.24898769352197855
Bacteria 233,-0.5725750436063286,1.4188413503381179,0.815401756318266
Bacteria 234,-2.052911185538196,-1.9198239252978324,-0.06881913365867645
Bacteria 235,0.9358735634974849,-0.20564559332830776,-0.8728350644758706
Bacteria 236,1.7890768397147505,-0.7100973686417964,-0.1982712839960675
Bacteria 237,0.8443691438556302,-0.679550417342364,3.101516894861542
Bacteria 238,0.5753060886344341,-0.5739064522654527,3.1672254039419987
Bacteria 239,-0.49076327712413076,1.2640394356060527,-0.03378022583501145
Bacteria 240,0.3613902268752073,0.2932947969727731,-0.3725365286926384
Bacteria 241,0.6738632455332783,0.5758276188350703,-0.054421635550746084
Bacteria 242,0.3313773198509565,-0.7544714459919366,0.041739015614725775
Bacteria 243,-1.1994705510496144,-0.713295194596997,0.44628465781332644
Bacteria 244,0.10593077880538346,-0.003353148640561703,-0.1806423107575794
Bacteria 245,-0.18033001106111884,-0.6105453037049533,0.0160650663627441
Bacteria 246,-0.23924416692394734,2.21325377444262,1.1057722443608087
Bacteria 247,1.6426723372472392,-0.9607344076336655,-0.7286261948339855
Bacteria 248,-1.7442075016823315,-1.576559134883381,-0.10883619856242689
Bacteria 249,-0.8654563441323171,-0.4853461655187437,0.24001261996542006
Bacteria 250,-0.535086998832223,0.10006321807786762,-0.03735459585223959
Bacteria 251,0.08423330531589213,0.7788183516057918,-1.165785709251372
Bacteria 252,0.15708553090012048,0.12761834768866734,-0.31874820058295256
Bacteria 253,1.756614375002102,-0.7741974895243923,-0.7823219819896747
Bacteria 254,0.08945937721571191,1.1478219943455072,-1.0581869813753986
Bacteria 255,-0.3772354500819551,0.8436315412071336,-1.787792382846192
Bacteria 256,-0.9367240045986021,1.851805211395702,1.4463543595376547
Bacteria 257,-0.6920603281294472,2.228407601092577,1.310385609385174
Bacteria 258,-0.21123104600609305,0.11896682205244873,-0.18462321796273937
Bacteria 259,-1.826668914121751,-1.6219672638054974,-0.36461605136432385
Bacteria 260,-0.5008004219489093,1.520742105161118,0.8317211574538295
Bacteria 261,-0.8390926356391707,-0.6917471610555846,-0.20713099048368697
Bacteria 262,2.1217412663874615,-0.49763819718819896,-0.20199067733652568
Bacteria 263,-0.2649992487450987,-0.04741192495636512,-0.5274315597480385
Bacteria 264,-0.03417979101909289,0.8190580045919672,-1.5788985992766618
Bacteria 265,-0.14867872542530233,0.7104687306828684,-1.0567286602510904
Bacteria 266,-0.23149324775247548,0.8892693236932633,0.1785237055471595
Bacteria 267,0.02465939528720502,0.134182516744038,0.2793662027531018
Bacteria 268,0.5248868032499036,1.021768536935966,-1.329173852681681
Bacteria 269,-0.05336913265535117,0.7876201378570844,-0.03963073489895484
Bacteria 270,-0.23217239816414478,0.6198683261426172,-0.7691174595421062
Bacteria 271,0.3642802664004339,-0.08446567148327513,-0.6349595771827977
Bacteria 272,-1.5274988347495873,-1.471652197645364,-0.39775884498581005
Bacteria 273,-0.6227193256902124,1.3892278682340786,0.7193078643990356
Bacteria 274,0.9137853846239284,-0.6386449206176348,2.968392902184442
Bacteria 275,1.6557633341985916,-0.3908840506660601,-0.5958851713011023
Bacteria 276,1.6594099125419963,-0.9289720503090538,-0.6450942604627692
Bacteria 277,-0.5472688770763453,1.734221136877575,1.1793931956124697
Bacteria 278,-0.34151299135398483,0.6998081230085311,-1.9015905471588181
Bacteria 279,-0.19181179152641128,1.841916669311186,0.9444217240378113
Bacteria 280,-1.4210632714121232,-1.3584807131692735,-0.5831483954339148
Bacteria 281,-0.9263556788590283,-0.6783750603499261,0.6401444435351805
Bacteria 282,0.39297647453802054,0.11305077950209072,-1.63307587271298
Bacteria 283,1.8456723373263584,-0.26455585708346313,-0.586558700758745
Bacteria 284,0.7229601179151234,-0.6016434356599129,0.1330485017325964
Bacteria 285,1.4829171145333253,-0.8834566290901438,-0.17817749407701344
Bacteria 286,-0.08530445699495534,1.003947054883984,-1.8531606393471118
Bacteria 287,0.7287698762527705,-0.5470537643455624,0.9187076607085743
Bacteria 288,-0.7775961912507621,1.2604363813977477,0.7044803502534265
Bacteria 289,-0.7109473135249924,1.344590468395873,1.0982299944775433
Bacteria 290,-0.09772998076626487,0.03065497412249174,-0.8026089108575599
Bacteria 291,1.6859594550123331,-0.6863036205097942,-0.21755289687973392
Bacteria 292,0.5990224448617432,-0.8521626781464356,-0.7044787618414218
Bacteria 293,-0.06556503517157426,1.100144908258371,-0.888015368079783
Bacteria 294,-0.6133715021647554,1.305131183133723,0.5740053400043306
Bacteria 295,1.9243918354822815,-0.733630454392903,0.2308164109714406
Bacteria 296,1.07909957563031,-0.591727796843977,-0.1068537841397875
Bacteria 297,0.5010339971525607,-0.08018059153307104,-0.3193777953634203
Bacteria 298,-1.2515524473343937,-0.9215063189631677,-0.020612931685261213
Bacteria 299,-1.5999607693784204,-1.76058225420667,-0.20625460982548338
Bacteria 300,-0.18335150894079244,0.7877349959962121,-0.8058831623922917
Bacteria 301,-0.1767537164714231,0.5249923500711935,-1.4120569633773192
Bacteria 302,-0.7983267740596548,1.6480663137668925,1.3828903906680043
Bacteria 303,1.956244765440636,-0.5404644966758505,-0.35203156458762797
Bacteria 304,0.16959423138084684,1.1288756285085242,-1.1700971453910223
Bacteria 305,-0.5702054503947225,1.5806005471282565,0.4748344359502982
Bacteria 306,-0.5065717189468633,2.315795924947911,1.8031993119852676
Bacteria 307,-0.7652526526955938,-0.4422687958109255,-0.7618475362372203
Bacteria 308,-0.2150431116868966,0.5965569028846879,-0.4943784969817891
Bacteria 309,0.18076832692382847,0.729591989047607,-1.4029321080883304
Bacteria 310,-0.6820309857156337,-0.3706445659138553,0.7932907304497622
Bacteria 311,1.101157649411073,-0.1531266942972117,-0.10289625409642948
Bacteria 312,-0.3574899409698127,0.6771051657404601,-1.8373539283648737
Bacteria 313,-0.09321433982581571,0.8340484756961781,-0.6135322173520684
Bacteria 314,1.704652740224687,-0.4639460246457854,-0.8204174574218285
Bacteria 315,1.6712888233485983,-0.6834740916417662,0.7277917234117354
Bacteria 316,-0.059831674937227804,0.7742246806276235,-0.24081003054891653
Bacteria 317,-0.2805413114957966,1.3763708769582643,0.181008658896681
Bacteria 318,0.5585872959412727,0.20048523835673926,-1.1328477478675771
Bacteria 319,-1.472315254617142,-1.276909525205512,0.013657905161046877
Bacteria 320,1.3060882391849877,-1.0654991708680224,-0.17468122632208521
Bacteria 321,-0.5269748768299154,-1.1801871338801568,-1.0750266962843187
Bacteria 322,-0.14017199647955333,0.31960853965963393,-0.5731564979714818
Bacteria 323,1.7050819011643712,-0.8799443516641434,0.04083118967535143
Bacteria 324,-0.6241640528771203,2.448948615075805,1.1951903598320939
Bacteria 325,0.8543349295092096,-0.8048990789007097,3.243560340806435
Bacteria 326,-1.6436737537160337,-1.3816709273954557,0.28462997399678425
Bacteria 327,0.7654446729342057,-0.7484747648232047,2.4342144663491445
Bacteria 328,1.4508342312244817,-0.39442798133144674,0.14373837212708784
Bacteria 329,-0.18667889103268662,0.6457872802504792,-0.6341678545439052
Bacteria 330,0.8678489252146924,-0.5007359922468664,1.094531405874681
Bacteria 331,-0.028779543736643494,0.5992773551840592,-0.9975691961456205
Bacteria 332,-0.5394555259229635,0.04717764770937905,0.3429727111914755
Bacteria 333,-1.6812541582076708,-1.6341272162420328,-0.40077835509205423
Bacteria 334,-0.6202430985134386,2.051614582962595,1.789821179139724
Bacteria 335,0.9107549912248363,-0.35414131653952996,2.3531148117465124
Bacteria 336,-0.05688822220425232,1.3153391886619354,-0.81328397631277
Bacteria 337,-0.14346870413378368,1.3303386236005552,-0.8749033820571687
Bacteria 338,-0.6527631030155355,1.583382552788158,0.6094815925990711
Bacteria 339,1.5932325374009526,-0.11041210166589255,-0.051138541819383466
Bacteria 340,1.4758747190398158,-0.0929766372026841,-0.10435584900112466
Bacteria 341,0.07818859887482107,0.7462465818670194,-0.8976122568397044
Bacteria 342,-0.8215791253669117,-0.5111091911354395,1.2139998508744039
Bacteria 343,0.6328077994964841,-0.6105853490191454,2.5648151262733863
Bacteria 344,1.216052107637593,-0.03795117420834457,0.07544110794563778
Bacteria 345,-0.08013151175942311,0.667018568963768,-1.6864069007491709
Bacteria 346,1.517769303186179,-0.3320536968985471,-0.47883549265751646
Bacteria 347,2.3244277497277936,-1.086976073244006,-0.40757518953391725
Bacteria 348,-0.8237151408002013,-0.4567890344424679,0.4029701951612487
Bacteria 349,-0.4529292470085147,1.3272377471270984,1.1053717864389174
Bacteria 350,-1.1446661732391927,-0.7541521197502412,-0.15663971478005048
Bacteria 351,0.24463851230566652,0.7252463664705202,-0.5001656595234368
Bacteria 352,-0.1009929071144492,-0.0681967570308768,-0.8600984416825829
Bacteria 353,2.043964807667769,-0.9280808487769523,-0.6742837450824329
Bacteria 354,0.6872475413752641,-0.6172397782467246,0.9485033138647306
Bacteria 355,-1.079557121124451,-0.5134559536679087,0.3475174322105569
Bacteria 356,-0.13611504635909477,0.015178120598348895,0.24602517897971438
Bacteria 357,-0.7982620242115326,-0.4611868736247194,0.7586473938286858
Bacteria 358,0.3429362201092973,0.5425952505428375,-0.7202892664113061
Bacteria 359,-1.7649322766103204,-1.5954093327270906,-0.3280247331517961
Bacteria 360,0.5376139489723012,-0.24636856143956548,3.355782299945039
Bacteria 361,0.28647841164527854,0.15763020923442247,-0.699375715398201
Bacteria 362,1.377750181952148,-0.7805443231920268,-0.16760195759721006
Bacteria 363,-1.1023762420849488,-0.5182068901631862,0.7973164337067764
Bacteria 364,-1.2971121305589692,-0.9264599748467125,-0.46296445906347206
Bacteria 365,-0.39447572252753144,0.7532359453664199,-1.693732662030006
Bacteria 366,0.8355228869072053,-0.701234421673903,0.2662680044445996
Bacteria 367,0.5978884161041196,-0.6319184459918472,3.0016128548632666
Bacteria 368,1.754487912327634,-0.5359117774345636,-0.5554926461403193
Bacteria 369,0.7247844849174969,-0.558364089978782,2.9039551360158917
Bacteria 370,1.647024896134027,-1.1851077057630115,0.4847626528764144
Bacteria 371,-1.4509637990308701,-1.4539340140766626,0.4483658910269324
Bacteria 372,0.3386140778456958,0.588167119998061,-1.2562501448581205
Bacteria 373,-1.4333879970461458,-1.2545544661109687,-0.15260058616027605
Bacteria 374,-2.0599174114783314,-2.029855161114731,-0.09765329074008115
Bacteria 375,-0.497297546319368,0.7791745322203965,0.1458471001051342
Bacteria 376,-1.7191289647695953,-1.2542402213995811,0.5452871581465739
Bacteria 377,-1.77609841818831,-1.3351065494359333,-0.15775647840682594
Bacteria 378,-0.679623513312761,1.9815307696975653,1.688561604889788
Bacteria 379,0.013929309603845762,0.19161863209199212,-0.0883666093412479
Bacteria 380,-0.7340608406342853,2.22636191872528,1.750390620182752
Bacteria 381,-0.12026303723034935,0.22866210678990842,-1.3900354948609557
Bacteria 382,0.9521236904682618,-0.45171647673861204,0.8131028146840467
Bacteria 383,-1.4274749300062277,-1.2381942793494718,0.2906506471240383
Bacteria 384,0.1021327690329731,-0.08720788894533323,-0.9996276880327174
Bacteria 385,-1.0013278857421837,-0.5751340526785157,0.2757992484687997
Bacteria 386,-1.7587896452919678,-1.3556867625326634,-0.29330500323732206
Bacteria 387,1.3832892725346715,-0.6328699383112567,0.6217382452279188
Bacteria 388,0.9072600778564489,-0.5025609627647196,0.6585079197284175
Bacteria 389,-0.19168671587941913,0.851038035783385,-1.685800392301694
Bacteria 390,-0.042303826552231326,-0.06681654048214918,-0.8787293946367492
Bacteria 391,-1.270126700433796,-0.9513127325120624,0.11636321537276625
