,component 1,component 2
Bacteria 0,-3.0253896210776645,3.7267291297025196
Bacteria 1,6.664015182232029,-4.385685013806952
Bacteria 2,-9.38260095701108,-9.105542928141213
Bacteria 3,1.042513810136942,-1.034169089276914
Bacteria 4,2.930898455447047,-0.3762454932633676
Bacteria 5,-12.811673589125572,-11.749480302982848
Bacteria 6,-8.57797939810044,-8.77329026120306
Bacteria 7,6.313583654872805,-3.8582842420167607
Bacteria 8,3.2771514791960383,-1.03159705751071
Bacteria 9,12.512478168023364,-3.5590873023254264
Bacteria 10,1.263345391787156,2.4858349634278696
Bacteria 11,3.5141160459340575,0.6484942469410754
Bacteria 12,12.469162512058698,-5.605590645908416
Bacteria 13,-11.016766573029429,-10.536897748045945
Bacteria 14,-5.396595306739644,12.116582251993838
Bacteria 15,-7.214825332826938,-7.048830439642834
Bacteria 16,2.1730239716600357,4.64210379739061
Bacteria 17,-5.844518044308987,13.642525674407153
Bacteria 18,-3.1785054123017287,-4.826140479357503
Bacteria 19,-4.222810021527603,6.331653197909816
Bacteria 20,3.5675642070526994,0.1527713708123762
Bacteria 21,0.41601530046159096,7.943983654442914
Bacteria 22,8.092019316091397,-5.197587773597594
Bacteria 23,7.976652821727981,-3.007024778874794
Bacteria 24,-2.368233929441869,1.216090254501414
Bacteria 25,6.497975061761909,0.12768678929211516
Bacteria 26,16.720550277189908,-5.705608403887424
Bacteria 27,-9.232120997608263,-7.87524940237342
Bacteria 28,-7.779194227472557,-4.226258676170917
Bacteria 29,8.74411241679428,-2.8907111802282905
Bacteria 30,15.71208632132543,-5.932911662847953
Bacteria 31,-9.083342428382684,-4.220378481873387
Bacteria 32,-4.133137357479012,-2.7323855651130144
Bacteria 33,12.541721174091869,-6.5233419326457565
Bacteria 34,-1.2019140046626375,7.137730979645704
Bacteria 35,-4.4347213341364435,11.87457291154167
Bacteria 36,-3.6055746290506128,11.324530457165327
Bacteria 37,-9.089938060748029,-8.861472838110917
Bacteria 38,5.57858595148411,-2.6877591510174437
Bacteria 39,3.6462353991944907,-2.546523207504919
Bacteria 40,2.2905353788488934,2.9939840614005027
Bacteria 41,1.9407203866155942,5.268517028551595
Bacteria 42,13.658363148919268,-5.962072070656916
Bacteria 43,0.08334526982843646,6.912972717756827
Bacteria 44,0.12811868356121162,8.870447632153633
Bacteria 45,5.287092152036432,-4.121303572733883
Bacteria 46,-1.6678502293959958,-2.411360345527986
Bacteria 47,0.4348948543196697,-4.517511488746802
Bacteria 48,4.719889329341035,0.3741306826898028
Bacteria 49,1.990497728132094,2.935309474639837
Bacteria 50,2.64086564976435,2.6174033115683444
Bacteria 51,14.662126381443906,-6.904216728580834
Bacteria 52,16.563457273621093,-5.1230273230592696
Bacteria 53,-9.409614628712763,-3.096031094644905
Bacteria 54,-0.2840889358560893,-1.327260404668195
Bacteria 55,-2.6986065114010263,-6.920221916775081
Bacteria 56,14.49107937370585,-3.9308398944770184
Bacteria 57,0.18053730792628453,6.066514951809693
Bacteria 58,1.1806048974294836,4.842019239857799
Bacteria 59,17.770704578165216,-4.8494887478359265
Bacteria 60,4.833755695294634,-4.995963278135043
Bacteria 61,2.512343339308512,6.951203371496653
Bacteria 62,-0.6190338903662534,-4.5156856757644634
Bacteria 63,0.3128039440732573,3.0451177449916775
Bacteria 64,13.404748705276342,-4.265751902488751
Bacteria 65,-2.6133391754973543,6.606840152650628
Bacteria 66,-15.2555668796106,-10.572100676535422
Bacteria 67,13.067774524676,-6.582603285873758
Bacteria 68,0.8266963969115887,8.150753525285243
Bacteria 69,-13.94826498273301,-8.433209538005036
Bacteria 70,-2.6158103626969154,7.479647699020101
Bacteria 71,0.38887870753420495,3.062841949067795
Bacteria 72,-3.9039816428326257,1.7102103878487185
Bacteria 73,-5.5359482768577735,-4.953605616545082
Bacteria 74,0.4776525508803028,4.934295653976946
Bacteria 75,2.339147112002529,2.643370490140889
Bacteria 76,10.307664764794755,-5.420818583699311
Bacteria 77,6.468159434378648,-3.409478011959545
Bacteria 78,11.949980312510585,-5.370309924000481
Bacteria 79,-2.0745068736224637,15.027056135335119
Bacteria 80,-2.3360990736746765,15.284876950314837
Bacteria 81,-5.905859305125288,-6.222192295738571
Bacteria 82,3.397571042552102,0.9412579737308882
Bacteria 83,-7.7522094641945785,-3.3468847080981377
Bacteria 84,-8.798859425604588,-7.8340378158949475
Bacteria 85,-4.741629123873179,12.679331067144956
Bacteria 86,6.732222582880788,-4.720524818443721
Bacteria 87,-13.94716191179083,-11.357291924908607
Bacteria 88,-13.397255814856855,-11.613096764761886
Bacteria 89,-0.7746173046116065,5.3508518489892785
Bacteria 90,1.146887377437065,4.018724814420381
Bacteria 91,2.7330369022168504,3.62020859516659
Bacteria 92,-4.384903788101643,0.9374998966276445
Bacteria 93,13.232044805910922,-3.3852874933929478
Bacteria 94,1.5361011995385403,1.4048106609890787
Bacteria 95,16.461408213241857,-3.9285919207572664
Bacteria 96,-13.050192306433667,-10.120489111521206
Bacteria 97,-13.465368983236123,-12.794321342219693
Bacteria 98,-1.3067597829092181,8.780285400230708
Bacteria 99,2.319561193868345,5.508266986498046
Bacteria 100,-4.945147668813497,-9.869994319655103
Bacteria 101,-11.140302908938594,-9.450713612773281
Bacteria 102,-9.95077988524768,-2.9545558464687267
Bacteria 103,-4.396813513357404,2.851134498563945
Bacteria 104,-4.837229570616747,9.518935782972939
Bacteria 105,-0.8677149301534641,2.2885541160231186
Bacteria 106,-5.560180556275636,11.552893529412744
Bacteria 107,-2.2603576154451535,7.065158713712854
Bacteria 108,11.484111123075849,-3.612940067175932
Bacteria 109,0.38250439512758017,7.919691409191934
Bacteria 110,-3.682116143354603,14.477062226136827
Bacteria 111,-3.9062942648996852,-7.905326695379671
Bacteria 112,-0.9946385643943056,-3.2807016063292336
Bacteria 113,3.092713499117263,4.171852769317281
Bacteria 114,0.552724451164123,1.340872407445429
Bacteria 115,2.3269868607878115,5.955901172810216
Bacteria 116,-4.082538502950932,12.028378939013258
Bacteria 117,-1.967311807368095,6.747839606847681
Bacteria 118,-2.4584795677455213,8.384132770715977
Bacteria 119,-1.9850989671671686,12.292771915115214
Bacteria 120,-0.9567268847064704,6.590823122741003
Bacteria 121,-15.031649207284175,-11.466327733816026
Bacteria 122,7.895514310949095,-4.313568019234812
Bacteria 123,-3.672867505626015,11.612369549010227
Bacteria 124,4.6428141878188525,-5.125576247334389
Bacteria 125,-8.488222331415068,-4.73673383382541
Bacteria 126,1.7663344235177767,3.181544094520897
Bacteria 127,16.87012811559595,-5.515271660294906
Bacteria 128,-0.028488706805352048,-0.8998733096003982
Bacteria 129,-3.941469754993251,14.34232306793436
Bacteria 130,-1.1026084783472978,-1.7062965958980454
Bacteria 131,7.433963716601345,-6.6984434858064645
Bacteria 132,1.9775001264190268,1.660838717423777
Bacteria 133,-10.902909348720176,-9.713185316443184
Bacteria 134,0.24528436405151097,2.4897964413228695
Bacteria 135,14.183543449754923,-3.516861770670065
Bacteria 136,1.656271870871069,5.925350610249159
Bacteria 137,0.9219945658531367,9.192341909566597
Bacteria 138,16.346467843461422,-6.683763891166328
Bacteria 139,-2.1411862821752807,-2.186497850725044
Bacteria 140,-8.448430516078025,-9.72820278517782
Bacteria 141,-3.661862955822478,11.576685326632612
Bacteria 142,-0.6767682805549384,0.66846884290542
Bacteria 143,4.365631848936807,0.5371229089001802
Bacteria 144,-15.048114826386099,-12.530916852601088
Bacteria 145,4.5965899142644,-3.9237553019531375
Bacteria 146,-0.6437087602000618,1.567682904734648
Bacteria 147,16.942951863673496,-3.035788204420308
Bacteria 148,-2.5045492068314474,13.554082067430306
Bacteria 149,-4.6773216413403444,9.288377820952771
Bacteria 150,0.7876963494093788,8.505384487789907
Bacteria 151,-0.7891177114860577,3.2288136982471065
Bacteria 152,0.9105622762130734,5.647921820176093
Bacteria 153,9.79160014006677,-2.372083426891675
Bacteria 154,13.36618509505826,-5.666153339278433
Bacteria 155,2.2010342847409246,0.7585291975892557
Bacteria 156,-6.011301555952722,13.195198867742278
Bacteria 157,6.441948982518971,-2.9077041011808835
Bacteria 158,-2.9408725218845113,13.789693513408979
Bacteria 159,17.0381272010318,-5.22019168716497
Bacteria 160,0.5439938410850818,7.307661100625652
Bacteria 161,-15.221218265868886,-12.610245993420895
Bacteria 162,-4.306401280707762,3.3736207060176486
Bacteria 163,-4.930679288065674,5.741430163854112
Bacteria 164,-1.9612408910111157,5.710078411183195
Bacteria 165,-3.2348407946687816,-1.6749276370578927
Bacteria 166,9.614713250237148,-3.385145058196614
Bacteria 167,-13.121239772597535,-10.619901320288637
Bacteria 168,4.553632868193644,-3.0612513477543977
Bacteria 169,-0.41457388506855447,-0.18419393127502987
Bacteria 170,-6.384510199104892,-3.030791119866709
Bacteria 171,-0.9561749040354638,6.936250711025277
Bacteria 172,11.12928049646434,-5.762051933004453
Bacteria 173,-10.842718255031498,-9.755289721254734
Bacteria 174,14.786265919924874,-5.708053920917089
Bacteria 175,-0.23281371310018079,8.337343028391729
Bacteria 176,-15.122176334701708,-11.619519299143915
Bacteria 177,-4.509281143217628,13.683764554659984
Bacteria 178,3.801061103389914,-6.57160211412145
Bacteria 179,4.050605925977844,4.191852687063627
Bacteria 180,-7.075618071156477,-3.6283666371609544
Bacteria 181,0.8695756177945908,3.7115769709948565
Bacteria 182,-7.588079339906709,-4.280620378101607
Bacteria 183,-1.2217370758096322,-7.019309101786839
Bacteria 184,12.561336306059582,-6.054853338211444
Bacteria 185,-15.351176599322912,-10.71688845043911
Bacteria 186,-9.21477724939612,-4.196236822829052
Bacteria 187,0.3397272650478497,6.220793729755789
Bacteria 188,-5.668135245397833,-9.615285889249538
Bacteria 189,9.725131491524492,-2.738978906036729
Bacteria 190,0.590298973789398,4.823161555144673
Bacteria 191,12.428186417284353,-1.5266861979961655
Bacteria 192,-3.557261052290974,9.313153440930499
Bacteria 193,-6.353701920722902,13.108844987355983
Bacteria 194,-7.554610874913045,-5.8181994043098655
Bacteria 195,0.14037935972109922,3.53810821485098
Bacteria 196,-0.11575100688636647,12.456728245340724
Bacteria 197,10.21411081940333,-3.1789048430830156
Bacteria 198,-2.0599738153787475,7.420790376409079
Bacteria 199,-2.3594527683311997,6.5827147060997655
Bacteria 200,-7.646566029831733,-4.890652780949584
Bacteria 201,7.35077700156048,-4.642398092260639
Bacteria 202,-15.04934352600472,-10.836763738090522
Bacteria 203,1.5512253994433114,-4.391210037519842
Bacteria 204,-9.74443842420057,-5.911799681267212
Bacteria 205,-5.859630713115471,11.37161022529437
Bacteria 206,3.2629312559671875,-2.066130432672636
Bacteria 207,12.37067273563614,-5.217714630304416
Bacteria 208,-1.1563595771749524,7.559252234044092
Bacteria 209,9.230945208632253,-1.4360717667391194
Bacteria 210,6.181144279570172,-4.162810318588445
Bacteria 211,5.206373722335706,-3.4647795862444637
Bacteria 212,-0.6388827191386511,0.7696889813509618
Bacteria 213,11.667071595475651,-6.306084068665384
Bacteria 214,-1.2544991655673081,-2.6825164630240663
Bacteria 215,9.461263490167807,-3.829659021897362
Bacteria 216,-2.0851475198427107,12.096837143836437
Bacteria 217,-0.5801779238906711,6.320216882805325
Bacteria 218,-1.9823013540264482,7.740238842445836
Bacteria 219,-3.1679434520162357,9.995302580579226
Bacteria 220,5.307345637259566,2.4875266984672395
Bacteria 221,-6.442180262871118,-4.213208234192083
Bacteria 222,-4.877803823213267,10.666622691020018
Bacteria 223,-6.329801671002316,-5.265439475196624
Bacteria 224,-3.1385291453916606,15.64637815188303
Bacteria 225,-2.6384606063502294,6.627338948938862
Bacteria 226,-17.137081484229494,-14.809398524487573
Bacteria 227,-9.661954621384584,-3.5527648465275994
Bacteria 228,-4.014351525228724,-0.6158506902447731
Bacteria 229,-2.1077474969206227,8.037781429622992
Bacteria 230,-12.612617263211293,-9.858013129755305
Bacteria 231,3.052331713825133,-1.302780468014222
Bacteria 232,-15.612541678915402,-13.248742575557193
Bacteria 233,-4.527509284227008,10.157268936215983
Bacteria 234,-16.23290346357462,-13.744000344386281
Bacteria 235,7.400163594830316,-1.4724447250248314
Bacteria 236,14.146697825668003,-5.08348055049171
Bacteria 237,6.676630249424745,-4.8648088360895
Bacteria 238,4.5490847636156895,-4.10861527537178
Bacteria 239,-3.880600195165198,9.049146449165058
Bacteria 240,2.8576076104708967,2.0996800037123347
Bacteria 241,5.328405361185573,4.122584843447571
Bacteria 242,2.620286479880147,-5.401116097182163
Bacteria 243,-9.48453151695073,-5.106371024247846
Bacteria 244,0.8376207300205677,-0.02405946269170813
Bacteria 245,-1.4258982769763409,-4.370736910091501
Bacteria 246,-1.891775171802481,15.844574699520248
Bacteria 247,12.989014289795273,-6.87780813360589
Bacteria 248,-13.791889857631357,-11.286688821396643
Bacteria 249,-6.843356021852271,-3.4744382723294587
Bacteria 250,-4.23104371333189,0.7164036300468275
Bacteria 251,0.6660265100816798,5.5756531665766005
Bacteria 252,1.2421042380205618,0.9135799259888019
Bacteria 253,13.889994429490962,-5.542305849659894
Bacteria 254,0.7073637334228332,8.217424559541579
Bacteria 255,-2.982890283879674,6.039677757844008
Bacteria 256,-7.406926132432832,13.256881544476766
Bacteria 257,-5.472290868764916,15.952996864508894
Bacteria 258,-1.6702396756623001,0.8515855209426628
Bacteria 259,-14.443944205334885,-11.611724282522253
Bacteria 260,-3.959968474465608,10.886883303806288
Bacteria 261,-6.634907464919496,-4.952165998687692
Bacteria 262,16.77714253845402,-3.562496963860949
Bacteria 263,-2.0954037695350807,-0.33941537462102966
Bacteria 264,-0.2702586918867654,5.863395627943183
Bacteria 265,-1.1756461839619936,5.086127745592775
Bacteria 266,-1.8304442597708401,6.366307037343472
Bacteria 267,0.1950019697099017,0.9607694308749954
Bacteria 268,4.150408562888234,7.314860989439056
Bacteria 269,-0.4219932491477486,5.638387999408925
Bacteria 270,-1.8358457240355854,4.437580888266461
Bacteria 271,2.8804427001701907,-0.6048944470510168
Bacteria 272,-12.078320082752121,-10.535469003651265
Bacteria 273,-4.924011366111084,9.94528631930869
Bacteria 274,7.22553374181969,-4.572005202755048
Bacteria 275,13.09255010354234,-2.798400221220077
Bacteria 276,13.121365362765598,-6.650664196413755
Bacteria 277,-4.327386167856071,12.415005612858964
Bacteria 278,-2.7004214714610657,5.010046697650067
Bacteria 279,-1.516720274364283,13.186074565393668
Bacteria 280,-11.23671216618496,-9.725142695312911
Bacteria 281,-7.324927986319894,-4.856397678004973
Bacteria 282,3.107367506499146,0.8092399581220053
Bacteria 283,14.594186465614188,-1.8939784070478112
Bacteria 284,5.7166335277201465,-4.307175976237545
Bacteria 285,11.725803777090094,-6.324586051273193
Bacteria 286,-0.6745206750588945,7.1874466034976745
Bacteria 287,5.762562082821336,-3.9163920869390947
Bacteria 288,-6.1486607348835465,9.023269236811602
Bacteria 289,-5.621637692633838,9.625961214704617
Bacteria 290,-0.7727586115090463,0.21947408176642336
Bacteria 291,13.331312319236464,-4.913127003022467
Bacteria 292,4.7366145628392875,-6.100559583576827
Bacteria 293,-0.5184339808373409,7.875928855481631
Bacteria 294,-4.85009035316264,9.343261030330018
Bacteria 295,15.216651390424525,-5.252073661099097
Bacteria 296,8.532694378576606,-4.236304157357691
Bacteria 297,3.9617822004575975,-0.5741097050331481
Bacteria 298,-9.896363375366498,-6.597317728947381
Bacteria 299,-12.651305981713108,-12.603698715726622
Bacteria 300,-1.449815180668631,5.6392466620687545
Bacteria 301,-1.397631070201158,3.758087127859707
Bacteria 302,-6.312585654826998,11.798365793773474
Bacteria 303,15.468517618442142,-3.8691832628240674
Bacteria 304,1.341002327319686,8.081533887406277
Bacteria 305,-4.508759899874692,11.315501757845377
Bacteria 306,-4.0055880830071375,16.578759193722828
Bacteria 307,-6.051046671967128,-3.1660387749913634
Bacteria 308,-1.7003978938107294,4.270684442564414
Bacteria 309,1.4293659491375494,5.223189629342596
Bacteria 310,-5.392967262686507,-2.6534361350329587
Bacteria 311,8.70711480643321,-1.0962790186042846
Bacteria 312,-2.8267734594773275,4.84754121242181
Bacteria 313,-0.7370517946983405,5.970903787887821
Bacteria 314,13.479117317614008,-3.321410333521887
Bacteria 315,13.215282313808,-4.893072151498607
Bacteria 316,-0.47308792186170323,5.542484149939291
Bacteria 317,-2.218319838433453,9.853732405699427
Bacteria 318,4.416900728214099,1.4351698689202677
Bacteria 319,-11.641954282286232,-9.141473750018204
Bacteria 320,10.32756290566752,-7.627892791735423
Bacteria 321,-4.166910642972885,-8.44862968277965
Bacteria 322,-1.1083714611605053,2.287981005006287
Bacteria 323,13.482511055092719,-6.299524310261814
Bacteria 324,-4.935433970189769,17.531759892504855
Bacteria 325,6.755428984072809,-5.762226591218766
Bacteria 326,-12.996952928623552,-9.89110191146186
Bacteria 327,6.052558666373523,-5.358410563315552
Bacteria 328,11.472105152906028,-2.823409860571612
Bacteria 329,-1.4761195556696207,4.623031983343408
Bacteria 330,6.862310341429314,-3.5847029548143508
Bacteria 331,-0.22756996163968124,4.2902110456852265
Bacteria 332,-4.265607721931497,0.33765361132058247
Bacteria 333,-13.294088841846309,-11.698453650734171
Bacteria 334,-4.9044194430593135,14.68739466245229
Bacteria 335,7.201570348521394,-2.535296030293113
Bacteria 336,-0.44983497638289965,9.416437940852342
Bacteria 337,-1.13444562197697,9.523797696881617
Bacteria 338,-5.161571214433429,11.335315993406976
Bacteria 339,12.598094800087784,-0.7901924031341481
Bacteria 340,11.670105451796735,-0.6656663760064168
Bacteria 341,0.6182482465248715,5.342229418794621
Bacteria 342,-6.496385936577239,-3.658855224937657
Bacteria 343,5.003766293190318,-4.3711833949205445
Bacteria 344,9.61563780758937,-0.2716480907390065
Bacteria 345,-0.633607616491628,4.7750837299485545
Bacteria 346,12.001395526031452,-2.3772106174135046
Bacteria 347,18.379831669560758,-7.781574170449814
Bacteria 348,-6.5133248121736065,-3.270133909749369
Bacteria 349,-3.5814267803202675,9.501467078133185
Bacteria 350,-9.051191166012407,-5.399271694378189
Bacteria 351,1.9344054773019237,5.1919270345283035
Bacteria 352,-0.7985476490739554,-0.4886782638887256
Bacteria 353,16.16215241998417,-6.644056791347729
Bacteria 354,5.434231717608088,-4.418845681129644
Bacteria 355,-8.536331847603616,-3.6757163629062863
Bacteria 356,-1.0762781381855862,0.10869062015630286
Bacteria 357,-6.31200746293982,-3.301309913777317
Bacteria 358,2.7116988854102924,3.8847400692576524
Bacteria 359,-13.955766878212199,-11.421551199605073
Bacteria 360,4.251038783918193,-1.7637270838138706
Bacteria 361,2.265267681743493,1.1284101593390607
Bacteria 362,10.894197056583575,-5.587898411469205
Bacteria 363,-8.716757308849214,-3.709640691873265
Bacteria 364,-10.256606963429547,-6.632413834078635
Bacteria 365,-3.1192243160075432,5.39257464777576
Bacteria 366,6.606680835710387,-5.0199439360391604
Bacteria 367,4.727645667341631,-4.523886053554508
Bacteria 368,13.8731847267559,-3.836486291399774
Bacteria 369,5.731040392789029,-3.997327054222018
Bacteria 370,13.023435865207748,-8.484058872643748
Bacteria 371,-11.473142681248596,-10.408524400515809
Bacteria 372,2.6774844865813585,4.210713855197184
Bacteria 373,-11.334158604753299,-8.981508795622243
Bacteria 374,-16.288293351829225,-14.531777053758896
Bacteria 375,-3.932258254886528,5.577942358554458
Bacteria 376,-13.593586263888534,-8.978873147870624
Bacteria 377,-14.044080461062418,-9.558218661716692
Bacteria 378,-5.373948235183914,14.18570292168975
Bacteria 379,0.11015391518061407,1.3718559152488807
Bacteria 380,-5.804405582017887,15.938459465623435
Bacteria 381,-0.9509821123406766,1.6369273238602107
Bacteria 382,7.528679122817051,-3.2337624640066815
Bacteria 383,-11.287395093815709,-8.864259903998395
Bacteria 384,0.8076204044041468,-0.6246207631306091
Bacteria 385,-7.91775948898074,-4.117271942931002
Bacteria 386,-13.907212159635128,-9.705556195623753
Bacteria 387,10.938019118574223,-4.530834406944546
Bacteria 388,7.173951124669298,-3.597646397306734
Bacteria 389,-1.5157195127676515,6.092692787548824
Bacteria 390,-0.334484745634695,-0.47867154934240924
Bacteria 391,-10.043233316535277,-6.810734501225119
