,component 1,component 2
Bacteria 0,-1.1359706422320905,-4.546094022160397
Bacteria 1,-1.9848745795723128,-2.7015469642113223
Bacteria 2,-2.8223850862822317,-3.4667083307620956
Bacteria 3,-12.731852276936552,774.6447653321222
Bacteria 4,6.902111910870433,-1.2618027049914138
Bacteria 5,-2.1150913913933773,-3.234944825868718
Bacteria 6,-3.1283528772892595,-2.933654910771457
Bacteria 7,-3.214463577957705,-2.2929499653942824
Bacteria 8,1.0907208914241318,3.4841731836549776
Bacteria 9,-0.8108995043902137,-0.7682537235987928
Bacteria 10,-1.9654326919329261,-3.678336846645626
Bacteria 11,-2.7582049716513617,6.276838918371122
Bacteria 12,-1.310071070867353,-1.6119879403952828
Bacteria 13,-2.8640223290925926,-3.8408542531326186
Bacteria 14,-3.4197857183518394,-3.0653035668808033
Bacteria 15,-3.3852488078734546,-2.8940623815775863
Bacteria 16,-3.227836894908769,-3.117112007582134
Bacteria 17,-3.3322881681006034,-3.0373150337482167
Bacteria 18,-1.6684371830415259,-1.4568893818687056
Bacteria 19,-12.541616269586909,-9.75819091537414
Bacteria 20,-2.049550503691627,-2.6575759193180444
Bacteria 21,-2.35806232147456,0.4817725993061528
Bacteria 22,8.873061024423945,-0.8169356906459637
Bacteria 23,-3.751593462176093,-3.5508034678550455
Bacteria 24,-3.01492817130738,-3.109301107036687
Bacteria 25,1.8234283213309732,-0.918091257430484
Bacteria 26,-2.154227599255763,-2.256876956161043
Bacteria 27,-2.518969090756737,-1.7608566881566323
Bacteria 28,-3.2853149462653293,-3.849408758141711
Bacteria 29,-2.37662722687611,-2.631501491172703
Bacteria 30,-1.9326274077461636,-1.0171684190544379
Bacteria 31,-3.4376366993456013,-3.9103809573208577
Bacteria 32,-1.2614660108662603,-1.8551139672864398
Bacteria 33,-1.7799890432445242,-2.3978535996865973
Bacteria 34,-3.333453804241623,-2.723440270672683
Bacteria 35,-3.4354514450084324,-1.584655030563825
Bacteria 36,-3.092889065604799,-3.108926374095909
Bacteria 37,-2.6580503090307106,-2.236767373065055
Bacteria 38,-3.3875950974689792,-2.171387329855949
Bacteria 39,-2.3249699631168377,29.28060009952713
Bacteria 40,-3.0063293133165745,0.3162191683879249
Bacteria 41,-3.8956131335540203,-0.23305920103326483
Bacteria 42,1.3564867615385872,-1.2841652362160425
Bacteria 43,-3.8240383118462167,-3.6919564175742785
Bacteria 44,-2.9612321677684177,0.2915195070245044
Bacteria 45,-3.2753390460249947,-2.613242739216539
Bacteria 46,-2.729563255605514,-1.66284130480501
Bacteria 47,-1.6847450852558854,10.210858011413478
Bacteria 48,0.8322049908328623,23.54649356690095
Bacteria 49,-2.7593711890064827,-4.029894821309618
Bacteria 50,-0.3757214853698538,-3.4648464851025986
Bacteria 51,-1.2770514931334676,-1.5577621794408092
Bacteria 52,-0.6682527077289159,-0.21088876046388358
Bacteria 53,-3.941282435673867,-3.385525045851788
Bacteria 54,-2.441166181711743,-2.8838466517115493
Bacteria 55,0.13220653997191537,-2.5855025385842447
Bacteria 56,-2.4620878942977713,-2.4040040549775243
Bacteria 57,-3.77765785141756,-3.399012435525722
Bacteria 58,-2.648693113598299,-4.421369867392511
Bacteria 59,-0.6557966941836791,-1.3899132619441654
Bacteria 60,5.198845378965443,5.8070320144186525
Bacteria 61,-2.659895649240277,-3.606703839550948
Bacteria 62,-2.1640948811480323,-3.493777942920571
Bacteria 63,-3.2357636784309634,-2.9628324826267836
Bacteria 64,-1.340939568795315,-2.837182080880223
Bacteria 65,-3.9992123330840883,-4.16118525711616
Bacteria 66,-2.6400893191368024,-3.465477914360597
Bacteria 67,-0.4232618755255849,3.240512429722797
Bacteria 68,-2.7258898809615286,-2.5262901871143075
Bacteria 69,-3.30168233138977,-3.3778997363278687
Bacteria 70,-13.967403265946265,-14.897708986009846
Bacteria 71,-1.0954886502324548,-2.9987103494233054
Bacteria 72,-2.20618543610719,-1.7768349215889385
Bacteria 73,-2.975547997104076,-3.940908710790376
Bacteria 74,-1.042505956154856,-1.3501444125911282
Bacteria 75,-0.6732378831087277,-1.7949324706276244
Bacteria 76,-2.7326585090143816,-3.0936734193760804
Bacteria 77,-2.969656078910306,-2.5479225709616724
Bacteria 78,-1.7238142225715836,-1.957259652044537
Bacteria 79,-3.438767886730798,-3.692548372582745
Bacteria 80,-3.1099682168555534,-2.8182367112003814
Bacteria 81,-3.624871731631172,-3.2819388872940403
Bacteria 82,-2.534077398225903,14.484662909224266
Bacteria 83,-3.645952588623472,-3.7365176806672395
Bacteria 84,-2.865328325163439,-2.849015220635142
Bacteria 85,-3.279482483520391,-1.1235756075667338
Bacteria 86,-3.050185542603995,-2.0240837432474104
Bacteria 87,-3.106445144169102,-2.9534570638659376
Bacteria 88,1.00886986031161,-2.8496643062040072
Bacteria 89,-3.763848330408163,-3.9587075090404227
Bacteria 90,-3.9289177082812334,0.6009023660546737
Bacteria 91,-2.6509678764973654,-2.4825144126440555
Bacteria 92,-3.414486829129282,2.637557374409938
Bacteria 93,5.351750342868443,-3.212335294131141
Bacteria 94,-2.9080721692676006,-2.26211210869487
Bacteria 95,-1.478559208148248,-1.9610014449831814
Bacteria 96,-0.21106487904150392,-2.898080186523513
Bacteria 97,-3.350549177675577,-2.823679188445309
Bacteria 98,1.5119833434732992,-0.08184798659160811
Bacteria 99,-2.6513506395816724,-2.8459270480844086
Bacteria 100,17.368822069504482,4.175624657651022
Bacteria 101,-2.8399294324877458,-2.3704317013230507
Bacteria 102,-3.5488326448087437,-3.8129645179919356
Bacteria 103,-3.3246092371242364,-2.7858310408760807
Bacteria 104,-4.268654434532856,-2.010152214621504
Bacteria 105,-2.963100165913544,0.916205230135356
Bacteria 106,-3.786828195241187,-3.233924384678671
Bacteria 107,-3.6434393609131064,-2.7703498892615506
Bacteria 108,-1.9106598263796304,-3.1205630253519563
Bacteria 109,-2.7029117667359825,-3.983990818092475
Bacteria 110,-3.5068131734935997,-2.1225690010337837
Bacteria 111,-2.129030992678623,-3.201451360141077
Bacteria 112,-2.235687442043239,-3.251030472688674
Bacteria 113,-3.773266135186197,-2.835097353377729
Bacteria 114,-1.7418351171587516,-3.950457717065237
Bacteria 115,-1.9048033341936694,-4.46415916095726
Bacteria 116,-2.9478057304764858,-3.0139408560543526
Bacteria 117,-2.463662524609305,-4.163517600413769
Bacteria 118,-2.3268712212704075,-1.1014981017476637
Bacteria 119,-3.6481697497247842,-1.829355286424339
Bacteria 120,-3.4424746232611865,-1.2667597144348903
Bacteria 121,-3.2506114698918522,-2.6679822537309232
Bacteria 122,-1.4799364485511566,0.10211838320995992
Bacteria 123,-3.5233897399716927,-3.453830027261219
Bacteria 124,-3.5910288209153127,-0.7499701724965073
Bacteria 125,-3.768038453993542,-2.8064434985749838
Bacteria 126,-2.830573241592951,-1.8642713880729462
Bacteria 127,-1.9578975376153551,-2.4630388432280155
Bacteria 128,-2.4873223729534506,-3.3312526920409122
Bacteria 129,-3.8067110645121045,-3.170520380088672
Bacteria 130,-2.2050658483571013,-3.550320935687671
Bacteria 131,-2.241761155275619,-0.416950725696623
Bacteria 132,-2.7007145057659914,-2.053236592939078
Bacteria 133,-3.1905621793895413,-3.759463894655955
Bacteria 134,-3.080760908535674,-4.377518179412995
Bacteria 135,4.9157030068388385,-1.320013276951974
Bacteria 136,-1.4284612482922387,-3.291856040500118
Bacteria 137,-2.869977993649814,-4.087530823442988
Bacteria 138,-2.1294686851636917,-1.9555964454577963
Bacteria 139,-3.8079406667884967,-2.124752638106104
Bacteria 140,-2.54010469147169,-1.9446047617090683
Bacteria 141,-0.5804072237730737,-3.3277636734289153
Bacteria 142,-3.2578174499632793,-3.131249495108361
Bacteria 143,1.9445598448237436,0.5508056722778619
Bacteria 144,-1.985744249468348,-2.9577123543583332
Bacteria 145,-2.997480413430355,-3.1068705759205386
Bacteria 146,-4.543905420119172,-4.740504292217472
Bacteria 147,-1.2903501780966087,-1.9604599019969915
Bacteria 148,-3.479530028890092,-2.9743965971498647
Bacteria 149,-0.11594774581604965,-2.3805933924142266
Bacteria 150,-3.357917497251044,-6.224948551625088
Bacteria 151,-2.846382501141985,-2.032688812956423
Bacteria 152,-4.483760831264013,-5.2499582037221915
Bacteria 153,-2.406200525909231,-0.2681910780122464
Bacteria 154,-1.6766981577746494,-3.126217046136591
Bacteria 155,-1.8619760526040092,-3.6320270684156317
Bacteria 156,-0.6473434613507094,-3.0482614858910377
Bacteria 157,-2.674284640502665,-0.677096589559675
Bacteria 158,-3.9069628296861216,-2.901263533569928
Bacteria 159,-2.635323175509009,-2.341851299293742
Bacteria 160,-2.830462433350741,-3.728577533625211
Bacteria 161,-2.6448234317716937,-3.2998169667625743
Bacteria 162,1.6781141873613146,-4.497365633351004
Bacteria 163,-3.938613858114812,-4.437046993978398
Bacteria 164,-3.626558818087464,-4.100460141404015
Bacteria 165,-5.124309399935817,2.2478839108831306
Bacteria 166,-3.013736122679304,-2.95092552691523
Bacteria 167,-2.448128318013915,-1.575130339844269
Bacteria 168,-2.06625275034612,-2.563083225114209
Bacteria 169,-1.8233686452619875,-3.9244143868180656
Bacteria 170,-3.829515458211826,-3.1975364515812066
Bacteria 171,-3.2744191728555463,-4.2526441992074195
Bacteria 172,-0.8727126901187682,-2.8190742740213506
Bacteria 173,-2.0534928510732553,-2.4254127696433185
Bacteria 174,-1.1884961948033816,-2.224143505224232
Bacteria 175,-3.6319429494738995,-2.665982422977617
Bacteria 176,-3.233672425318729,-2.072015424396799
Bacteria 177,-2.3805003898123887,-2.7521232042032953
Bacteria 178,-3.0591874475559915,-2.1265313940591275
Bacteria 179,-2.2110356519981016,-2.284076663267276
Bacteria 180,-2.5612821453030583,-3.5168964511299365
Bacteria 181,1.7979110526559243,-4.173036885125259
Bacteria 182,-3.9181072394060545,-3.873312668562256
Bacteria 183,-1.7184587471054025,-2.034124918662993
Bacteria 184,0.6225567612771398,-2.2838311338982566
Bacteria 185,-2.3804451761971293,-3.3694267501800947
Bacteria 186,-3.780403027843486,-3.965142382177972
Bacteria 187,-3.191151795518477,-3.9335902732715167
Bacteria 188,-1.3686400001314063,-2.89635837054248
Bacteria 189,-1.7081043102343887,-3.4397974811974343
Bacteria 190,-2.4490795750750025,-4.226259015146048
Bacteria 191,-0.9587600112416051,-1.322632316111486
Bacteria 192,-1.847488152167028,-2.335269383380035
Bacteria 193,-3.3661820285399484,-3.7321403199011165
Bacteria 194,-2.7829342257868017,-2.3295063688127082
Bacteria 195,0.885654119900775,-4.4150568150186045
Bacteria 196,-2.2282437885393085,-4.051414814853861
Bacteria 197,-2.2554804604656917,-3.2170721742983366
Bacteria 198,-3.8960511134831846,-1.5754622425715927
Bacteria 199,-3.2314864617158303,-0.8866252469800133
Bacteria 200,-1.5787457970751724,-2.6051556173772816
Bacteria 201,-3.768834970813915,-0.2528097914483856
Bacteria 202,-2.655719910213859,-3.4318576890023698
Bacteria 203,-2.5204217576212944,-2.7221229211391273
Bacteria 204,-1.6512238477907473,-2.4038318944609323
Bacteria 205,-4.620594494403131,-2.1795505657704117
Bacteria 206,829.9288370663502,8.786953000212963
Bacteria 207,1.5928077042267244,-3.2094346467172343
Bacteria 208,-2.722629492565362,-4.514840115302409
Bacteria 209,-1.4588289156398526,-1.2005768726766257
Bacteria 210,-3.391029156687181,-2.8305948264927543
Bacteria 211,-1.7530556131011386,12.011418902156914
Bacteria 212,-2.869032867065937,-2.6988984660734254
Bacteria 213,0.09628267756324367,-1.7152163033358976
Bacteria 214,-1.4285250601805528,4.7422891020873825
Bacteria 215,-0.6173643462789551,-2.57766176651568
Bacteria 216,0.018254474891778293,1.3271021633094928
Bacteria 217,-3.7730959677776674,2.8252302451312703
Bacteria 218,-3.702466266530199,-3.19979190961905
Bacteria 219,-2.6733134751129874,-2.1817155908127415
Bacteria 220,3.834916656531567,-1.3107859779588935
Bacteria 221,-3.5170250147457356,-3.979798179207973
Bacteria 222,-4.581949541301362,-3.846886854323838
Bacteria 223,-2.900375040762558,-3.5862346938310536
Bacteria 224,-3.2790154725856593,-3.2767618885583576
Bacteria 225,-3.1405434803521217,-3.3381682484210966
Bacteria 226,-2.6914630010157734,-3.44637514560873
Bacteria 227,-3.7897204992079385,-4.503940754408901
Bacteria 228,-2.853919264503891,-1.439351135201537
Bacteria 229,-3.203595601010625,-4.265987562205191
Bacteria 230,-3.1716776378325364,-2.7132279072372016
Bacteria 231,1.1574471814498168,7.6207615759400635
Bacteria 232,-2.5432269369191185,-3.07499097075042
Bacteria 233,-3.7114419159221415,-3.9283144939847414
Bacteria 234,-2.7421376300626332,-2.551297003341816
Bacteria 235,5.40767663359456,-1.5991207383615516
Bacteria 236,-1.1176962381367708,0.585794683602683
Bacteria 237,-3.37613126213383,-2.3072741366211242
Bacteria 238,-2.5656983179141646,-2.043537481239963
Bacteria 239,-3.119376123472985,-2.547092637825909
Bacteria 240,4.5161210055231304,0.4707744119196722
Bacteria 241,-1.8449349015682905,0.35834310870624797
Bacteria 242,-2.064171969863013,14.590813261302417
Bacteria 243,-4.307475136355223,-4.046978153136458
Bacteria 244,2.184909163580926,-1.8501709303335125
Bacteria 245,-3.2207386493527053,-0.3709355505989036
Bacteria 246,-3.4584398382797503,-4.156555232117525
Bacteria 247,0.3148538362926127,0.049004097358589065
Bacteria 248,-2.139416955498388,-2.909345766288909
Bacteria 249,-3.557355070611213,-3.544526484696295
Bacteria 250,-2.180387174923353,-3.215470912506274
Bacteria 251,-3.697647651061314,-2.997885806723873
Bacteria 252,1.238905431265706,2.188099389806245
Bacteria 253,-1.3320874839383916,-1.518833891995507
Bacteria 254,-3.4562709452534977,-3.4028222508913473
Bacteria 255,-2.991269366905815,-4.013091327059036
Bacteria 256,-3.6045769855516707,-4.359803659791832
Bacteria 257,-4.679956596290298,-6.385604813154134
Bacteria 258,-2.4458348834633936,-1.9451240301874535
Bacteria 259,-2.697791012412706,-2.9667781815715606
Bacteria 260,-3.3681989615425896,-3.468659545243188
Bacteria 261,-2.2323472970668474,-4.152199481632711
Bacteria 262,0.699189346421515,-2.9566241447392345
Bacteria 263,-1.0514366658227685,-1.93016256267627
Bacteria 264,-3.4487162870381654,-4.180121271432884
Bacteria 265,-2.243189147342467,-3.1076125593710056
Bacteria 266,-4.018487384830345,-1.9821422845750067
Bacteria 267,-0.12068940107774054,2.1385405102453703
Bacteria 268,-1.5261600116320024,-2.921421450295196
Bacteria 269,-3.4205700998843036,-2.5613260926009467
Bacteria 270,-2.7835480694101915,-4.733272928600965
Bacteria 271,10.81944884967681,-0.5305613944713333
Bacteria 272,-3.6532815650472643,-3.0968182078260504
Bacteria 273,-3.5959603461112355,-3.3072828138181563
Bacteria 274,-3.495228746486984,-1.9703574704573081
Bacteria 275,-0.683451387421769,-2.9629269883789413
Bacteria 276,-1.7250095310026756,-1.7833894264647305
Bacteria 277,-3.3805112739868393,-4.229428494229185
Bacteria 278,-3.4215932258466797,-3.8805888718625465
Bacteria 279,-2.815580901115248,-2.9687956358984904
Bacteria 280,-0.01983980794613158,-2.5843223551136023
Bacteria 281,-2.9040476457738715,-3.6123648056509836
Bacteria 282,3.9820436357055073,-2.6764436812608365
Bacteria 283,-2.0815647258355114,-2.7161619800853236
Bacteria 284,-2.2201395055650273,-2.3211743697479488
Bacteria 285,-0.8416583036707853,-0.8101008500115866
Bacteria 286,-2.866895816704953,-4.083517889844144
Bacteria 287,-3.1370922160515438,-1.7166742687457641
Bacteria 288,-3.194548767134193,-2.9399344269086427
Bacteria 289,-3.3577331251321825,-2.7744900878994003
Bacteria 290,-2.726662129116989,-3.218524677245648
Bacteria 291,1.1428619455186178,-1.5239022671771267
Bacteria 292,-1.1346851777509142,14.698472231179474
Bacteria 293,-2.574426796747016,-3.456452190406872
Bacteria 294,-4.1137957860841485,-2.629212657020403
Bacteria 295,-1.3764350362190376,-2.474442710786359
Bacteria 296,-0.7664618856394837,-1.97480792890252
Bacteria 297,1.7448902033236833,0.8162708759127112
Bacteria 298,-1.3275651945353115,-3.3781685441079623
Bacteria 299,-2.9224065406528372,-3.0030931043119886
Bacteria 300,-2.0940459563838667,-3.1543737575429063
Bacteria 301,-3.012132431864464,-4.622417448833883
Bacteria 302,-3.386477969890753,-2.3759421116867117
Bacteria 303,-1.5622285121592612,0.34026965928757813
Bacteria 304,-2.2132707094018884,-2.5654796679438143
Bacteria 305,-1.195414959721269,1.0015644220868203
Bacteria 306,-3.4775567520377746,-3.667192473837842
Bacteria 307,-0.23184914342206286,-3.1979646621501177
Bacteria 308,-2.218890389552907,-3.2072635586831875
Bacteria 309,-3.645184867969373,-2.005805475038526
Bacteria 310,-3.180266252272653,-3.0899286132545756
Bacteria 311,1.7644615163492434,8.944934266673092
Bacteria 312,-3.511772807345203,-4.050519048761545
Bacteria 313,-1.9168259635901748,-2.7705790795060348
Bacteria 314,-1.7709114287712637,-1.1474179640365332
Bacteria 315,0.0193077270074391,-1.5844405144335496
Bacteria 316,-3.282261540958023,-3.0581232865374366
Bacteria 317,-3.275657191513949,-0.48376031928729435
Bacteria 318,-1.9918417908548056,-0.9877910081277548
Bacteria 319,-2.5741952813493922,-2.8721814293926524
Bacteria 320,-2.6488451704805582,-2.3206735711041766
Bacteria 321,-1.1324536471343443,-2.3184620289811013
Bacteria 322,-1.273377164794101,-3.0501379261436985
Bacteria 323,-2.220644571234294,-1.5226118836731222
Bacteria 324,-3.5945021611448102,-3.9320308230051
Bacteria 325,-3.1213375950619424,-2.7937199986348538
Bacteria 326,-2.9280724147018367,-2.1687149725569803
Bacteria 327,-1.849049948226089,-2.7315513845443133
Bacteria 328,3.77372313211744,1.7335045535758224
Bacteria 329,-2.470901507844783,-1.1181864191462947
Bacteria 330,-2.6013764739332355,-1.0555896541517158
Bacteria 331,0.19513579558460634,-2.6212122807622857
Bacteria 332,-2.7449117672347434,-2.0306697289348854
Bacteria 333,-1.8518213901254588,-2.863785686635491
Bacteria 334,-3.2757273335369153,-3.4220641585069123
Bacteria 335,-2.3482491354673027,-2.2083511270166105
Bacteria 336,-3.5436505481761924,-2.9282083605512574
Bacteria 337,-2.9073619621410987,-3.604158097741932
Bacteria 338,-3.5774075585434613,-3.6403271587579975
Bacteria 339,2.2203627028887643,-2.4737241154294365
Bacteria 340,-1.8024003457674833,-3.102413838647782
Bacteria 341,-2.8817158149475026,0.8764823200868596
Bacteria 342,-3.3812056270143755,-3.895551535307703
Bacteria 343,-3.236244341409436,-2.564936945144546
Bacteria 344,-2.4041265545685007,-2.1126448193997187
Bacteria 345,-2.676768252408609,-2.7955741207281153
Bacteria 346,-1.5319576669370054,-1.5965882923416765
Bacteria 347,-1.0971035891875296,-1.0800194330222859
Bacteria 348,-3.8625589474329183,-3.673118798969425
Bacteria 349,-3.379751621447486,-2.285569317856087
Bacteria 350,-1.6819444511044392,-2.5578911837495735
Bacteria 351,-1.7849962059601192,-2.7156666843581343
Bacteria 352,-2.461317094188523,-4.009670213404762
Bacteria 353,-1.4112202374017402,-1.2312089889481452
Bacteria 354,-1.568549265790923,-2.3173452876543426
Bacteria 355,-3.7032603114741147,-3.9038155766451297
Bacteria 356,-2.1932874015162076,-1.0288592636144889
Bacteria 357,-3.440428432150687,-3.7321775824907912
Bacteria 358,-2.2647057806664628,-2.4234738537406595
Bacteria 359,-2.1629985671677714,-2.1704016070219367
Bacteria 360,-3.5981379527463027,-1.356427146353742
Bacteria 361,2.9414612309634642,1.9679992754723068
Bacteria 362,1.3562087923236161,-2.199897468595421
Bacteria 363,-3.927644246381886,-4.332428380639729
Bacteria 364,-2.057013464624615,-1.5330590863851064
Bacteria 365,-3.974759846642531,-3.8472084822235546
Bacteria 366,-3.398147525820019,-0.3717539843205196
Bacteria 367,-3.2049070440366085,0.6666736594446157
Bacteria 368,-1.4252965657064776,-1.3059225014896518
Bacteria 369,-3.594928865936616,-2.0389219299807477
Bacteria 370,-1.1392806296682079,-0.8934140457676867
Bacteria 371,-2.8184423597850246,-3.058706350999477
Bacteria 372,-2.125456258736101,-3.6797667977094526
Bacteria 373,-2.506246346715138,-1.9963894009092575
Bacteria 374,-2.3323824390877084,-3.112395067475393
Bacteria 375,-3.3561347102553043,-1.562446389375196
Bacteria 376,-2.331280038802549,-3.495381942129072
Bacteria 377,-2.6372260624666137,-2.3762642525225735
Bacteria 378,-3.2927912981424194,-3.5232788063597718
Bacteria 379,1.893599831620061,0.24181387625597064
Bacteria 380,-3.622268605879308,-3.143619180771514
Bacteria 381,-0.37499894487005186,0.08455396250088187
Bacteria 382,-2.7201495017407713,-0.8911655885518993
Bacteria 383,1.106000127726953,-2.7706924379779903
Bacteria 384,-2.047550307170281,-2.904569909121682
Bacteria 385,-3.750934212738217,-3.3592652004391237
Bacteria 386,-2.1684595446216033,-2.2504086263269465
Bacteria 387,3.2692101244871252,-2.5816993954331315
Bacteria 388,-3.1175335407124583,2.5440522623849517
Bacteria 389,-3.8824694416380825,-3.829421393079557
Bacteria 390,-2.8245944176201547,-0.5807175931287564
Bacteria 391,-1.5240369082818173,-2.9680005112730554
