,component 1,component 2,component 3
Bacteria 0,-1.1349192276067945,-4.508314533038633,-3.725564054467326
Bacteria 1,-1.9846990787096006,-2.69988304721247,-3.7782874492191643
Bacteria 2,-2.799921471804525,-3.4422651911814786,-3.2520949815217506
Bacteria 3,-12.70902727809935,774.6412015954893,14.564422400326496
Bacteria 4,6.900331514463151,-1.2651198048513117,-4.838758501977882
Bacteria 5,-2.095033564446986,-3.211768219721296,-3.5623934811584115
Bacteria 6,-3.099746637499197,-2.8981813396309786,-4.643232423324165
Bacteria 7,-3.2146763780020344,-2.2942355038581623,-3.961773038509334
Bacteria 8,1.0894225169058316,3.484861493280168,-3.8567640790285163
Bacteria 9,-0.819592767815299,-0.7813644641035417,-4.100389376106275
Bacteria 10,-1.9641657861824224,-3.6808068163448397,-1.2851131952665678
Bacteria 11,-2.78106304500336,6.252094192389511,-1.1234217063810727
Bacteria 12,-1.311236120708504,-1.614013434556861,-4.3092401743943975
Bacteria 13,-2.844065083347762,-3.819624949835842,-3.5702306193241506
Bacteria 14,-3.4514949750928126,-3.010702070806991,-2.833533274339719
Bacteria 15,-3.363884682295517,-2.873010487851108,-3.3134249330212064
Bacteria 16,-3.2162622216629755,-3.0969711858051077,1.6134946167978863
Bacteria 17,-3.3423580424665893,-3.054830627504707,-1.7532564619677065
Bacteria 18,-1.6690362340719942,-1.4531881965436582,-3.648094529136743
Bacteria 19,-12.544247933136184,-9.737698311809638,463.5928168776076
Bacteria 20,-2.0240895956257905,-2.645118190712962,-4.629790843431662
Bacteria 21,-2.365581273146424,0.48058900290011325,-2.641602181762055
Bacteria 22,8.868355409768059,-0.8198498947676429,-5.896596944394403
Bacteria 23,-3.753997250164143,-3.5552591307023356,-4.68714944926813
Bacteria 24,-3.001963623957366,-3.106552339126675,-3.3006823260922706
Bacteria 25,1.8216784126878447,-0.9049575500457164,-4.750704373331373
Bacteria 26,-2.1574897780614766,-2.2622911041368674,-3.466305524948819
Bacteria 27,-2.499879861665052,-1.7361848699322187,-3.2978237586703387
Bacteria 28,-3.2603693578288255,-3.8362635556280766,-3.6323881580401385
Bacteria 29,-2.37730728763872,-2.636756757822382,-3.967461344184889
Bacteria 30,-1.9381057742195673,-1.0247515785586703,-5.136111615400222
Bacteria 31,-3.4091512180446353,-3.894001638737394,-3.4222741051884857
Bacteria 32,-1.2537078439293787,-1.8426526195437003,-2.3631425026411246
Bacteria 33,-1.7848490416914076,-2.4075966109205407,-5.048241352582861
Bacteria 34,-3.337806025592656,-2.733847452701365,-0.4189776706035452
Bacteria 35,-3.4656340567441655,-1.5279785519480948,-2.0634684922495476
Bacteria 36,-3.1234635322285906,-3.153161873378917,-0.29575023448019533
Bacteria 37,-2.639804178854992,-2.2152067242254527,-3.5188102651682964
Bacteria 38,-3.3884083659779995,-2.176278944558418,-3.5480459051498032
Bacteria 39,-2.3580282741466165,29.706341179211716,-5.265879794312467
Bacteria 40,-3.0088903715439934,0.3109287625075366,-3.3797140307648985
Bacteria 41,-3.9044758391478416,-0.2028847625667876,-3.198838776648891
Bacteria 42,1.345325440258333,-1.30588283354742,-6.539531131476529
Bacteria 43,-3.82393133070194,-3.712163970790445,0.973765891721607
Bacteria 44,-2.9692340478411188,0.2547878683848498,4.024844918060596
Bacteria 45,-3.2741936622827956,-2.6155217115380576,-2.4622512535336103
Bacteria 46,-2.694382582108596,-1.618035113285846,-4.402793138568111
Bacteria 47,-1.6934367801358219,10.224771837728076,-2.9616409298294077
Bacteria 48,0.48653043124335804,23.334380122725957,-2.251166309951121
Bacteria 49,-2.760488753593847,-4.034641351423435,-3.7361644073498264
Bacteria 50,-0.3694654598902858,-3.4415219586709713,-4.895153904307772
Bacteria 51,-1.280204547513116,-1.5571593196765217,-5.0294267053653225
Bacteria 52,-0.6777042174268928,-0.227036549146857,-4.005989288455156
Bacteria 53,-3.9059597799490193,-3.3626417482861877,-3.4302322583290543
Bacteria 54,-2.433339235350267,-2.8726286466232374,-3.576799647944057
Bacteria 55,0.1594052347837697,-2.5635243267507986,-6.0276226393470775
Bacteria 56,-2.4715569600608047,-2.4096800755448013,-4.55439387631367
Bacteria 57,-3.8898586747524724,-3.6808710440683208,-4.18410837988376
Bacteria 58,-2.647756414726882,-4.4368688800008345,-2.4028259522820123
Bacteria 59,-0.6678319437863499,-1.4070713941313722,-4.656403066744035
Bacteria 60,5.0926729586132575,5.3319890146975375,-6.478535292035008
Bacteria 61,-2.66129560211679,-3.6185320569016657,1.988694102764413
Bacteria 62,-2.1489101705307707,-3.476652887093188,-3.605078270909259
Bacteria 63,-3.2299418670188524,-2.9574476724789807,-5.2840137042322874
Bacteria 64,-1.347203890534102,-2.84429997598877,-4.434887642961697
Bacteria 65,-4.000567725199841,-4.179976310853056,-3.8902135533205766
Bacteria 66,-2.616632815939641,-3.4403966169558307,-3.0868421205578453
Bacteria 67,-0.43616813299757357,3.2082876400363465,-4.628530321196596
Bacteria 68,-2.73618999772607,-2.5562711599995827,6.368817880269507
Bacteria 69,-3.2795751016261465,-3.3539121182710225,-3.447757875596155
Bacteria 70,-13.955007610990155,-14.874769457005856,563.8333686110082
Bacteria 71,-0.7539081936554758,-2.7307042885715775,-6.195870739999266
Bacteria 72,-2.196891889710773,-1.754160371481377,-1.266549095209736
Bacteria 73,-2.9613002746559003,-3.9233484360240904,-2.1639981884251283
Bacteria 74,-1.0483352354035735,-1.3602501224314136,-3.3831383131319015
Bacteria 75,-0.6805510880034117,-1.8271939139870175,-3.6113501164788144
Bacteria 76,-2.735473630820313,-3.093860707215061,-5.432390808195964
Bacteria 77,-2.9696824745576844,-2.545545004224858,-3.688620597035646
Bacteria 78,-1.7268148976041824,-1.957315824933448,-0.38304762957909555
Bacteria 79,-3.44950851544393,-3.711142821183765,-0.7840027970700745
Bacteria 80,-3.1214876440828108,-2.8331711142118183,0.3638307063725226
Bacteria 81,-3.604135077854599,-3.260983625527531,-3.33712428900069
Bacteria 82,-2.559862048090177,14.474062699664968,-0.13087773071061568
Bacteria 83,-3.6186770899764302,-3.711667713589181,-3.533229057941521
Bacteria 84,-2.8469943801980806,-2.8260095764425497,-2.119812881095963
Bacteria 85,-3.289484963968347,-1.1365501211485298,-0.637296710218093
Bacteria 86,-3.048654399309611,-2.0227808081983008,-3.6362156304145095
Bacteria 87,-3.0840616917945862,-2.930175791864568,-3.6088804227265623
Bacteria 88,1.0330285868204276,-2.822745540723111,-3.944776014717203
Bacteria 89,-3.7642071216928237,-3.9734634791442915,-3.823073205445389
Bacteria 90,-3.942834361235031,0.5818024118316115,-0.9722456692146939
Bacteria 91,-2.645889480932599,-2.451476110826567,-2.4736946342709616
Bacteria 92,-3.4051275643962713,2.6486772572716935,-5.321590123187105
Bacteria 93,5.360622045534018,-3.210970474433417,-5.914974950520459
Bacteria 94,-2.906639373510327,-2.2539569109539106,-3.0308457709004233
Bacteria 95,-1.4882975039554003,-1.9739896915153008,-4.224877438798629
Bacteria 96,-0.18166513291773578,-2.8664078122736067,-3.0523191572009543
Bacteria 97,-3.3234169743519204,-2.7951073000154336,-2.012557493695209
Bacteria 98,1.3826425358803864,-0.7949800223608184,2.9202515829226585
Bacteria 99,-2.65987138614897,-2.85303778458687,-3.485811968595904
Bacteria 100,17.346977834945292,4.141244939318344,-42.25784094279926
Bacteria 101,-2.8216167311234526,-2.350935647145124,-2.044204753698936
Bacteria 102,-3.5164888293776126,-3.791384558747297,-2.6072968856867536
Bacteria 103,-3.326843668172587,-2.785682454663958,-2.2414908465872827
Bacteria 104,-4.283012296644987,-1.9806623043511769,-0.7469309814511752
Bacteria 105,-2.964611343308951,0.9159155920572761,-2.537991478865637
Bacteria 106,-3.796696986376621,-3.2576507035235878,-1.0728036384171995
Bacteria 107,-3.6458203282238837,-2.7768972779606838,-1.459823398161696
Bacteria 108,-1.9135262556868786,-3.1256148691473484,-3.845319365637808
Bacteria 109,-2.7325513806612496,-3.980580892553548,-1.9781695344952646
Bacteria 110,-3.5216516477716846,-2.1448449271497383,0.10363669698595562
Bacteria 111,-2.112920239047699,-3.1808821774770175,-3.6095804204148463
Bacteria 112,-2.2227368348037397,-3.2470771882161045,-4.1627228215996
Bacteria 113,-3.769240838659189,-2.830085369545992,-2.453407277620918
Bacteria 114,-1.7374807318118772,-3.853544748164064,-2.4292571365480806
Bacteria 115,-1.9034625962809573,-4.477984288725491,1.5157948776738028
Bacteria 116,-2.954783281783018,-3.0270048933120437,-1.0985208774150832
Bacteria 117,-2.4664927064136304,-4.165268006311605,-0.49281796769505426
Bacteria 118,-2.3299557701244975,-1.1146011127008832,7.744546203170375
Bacteria 119,-3.6528263779741357,-1.8439524723520357,-3.5173337876076407
Bacteria 120,-3.4411213591453107,-1.2718679619386417,9.353866919927098
Bacteria 121,-3.2296261157628154,-2.647958148036407,-3.204517140680596
Bacteria 122,-1.490768800478168,0.07299341366043156,-6.019935768203213
Bacteria 123,-3.531862111263314,-3.4695478283182917,0.07413652032843618
Bacteria 124,-3.5935212568675494,-0.7561076294375201,-3.1142282812843205
Bacteria 125,-3.7393640651784326,-2.7779701913412547,-2.841607884525204
Bacteria 126,-2.823943484321156,-1.8317613818874698,-4.654590758945788
Bacteria 127,-1.963865946771106,-2.4696051990571894,-4.225560311174242
Bacteria 128,-2.4755791389936292,-3.3044041525799557,-2.9222715059138866
Bacteria 129,-3.8234000631882576,-3.198643572171218,1.1691288204451162
Bacteria 130,-2.1935707726997786,-3.54256361716734,-4.330903405930761
Bacteria 131,-2.2454822921667588,-0.4181811285182464,-4.243505443366821
Bacteria 132,-2.653135021522106,-2.033683971392163,-5.07819095198648
Bacteria 133,-3.1683922482391322,-3.7479643965501492,-3.971257170988081
Bacteria 134,-3.071998885523057,-4.374301347799214,-3.6957131491261577
Bacteria 135,4.900692822529184,-1.3471689753328853,-4.426385702103628
Bacteria 136,-1.4384651525730674,-3.308563974694894,-2.5603030236644853
Bacteria 137,-2.874146267541421,-4.106046695804521,5.173653020164936
Bacteria 138,-2.1361852510241257,-1.9678113763733183,-4.253732387554632
Bacteria 139,-3.7982282977313617,-2.1172493055746697,-4.004687686140756
Bacteria 140,-2.5240757628181205,-1.923894105149666,-3.280078395048591
Bacteria 141,-0.5901121697065067,-3.341820819165701,-1.5335952352109874
Bacteria 142,-3.2535252345399592,-3.12959748143742,-2.8853992723095585
Bacteria 143,1.9404290583455144,0.5557185539228167,-3.4149458700808357
Bacteria 144,-1.9600897734280416,-2.9276456161270965,-2.332986905309572
Bacteria 145,-2.9988671901233155,-3.11141692456795,-3.6893322053872937
Bacteria 146,-4.508010438444632,-4.235232647078138,-5.482560037851996
Bacteria 147,-1.3290578601766516,-2.0236030820348017,-7.187356489622705
Bacteria 148,-3.4959770570990107,-3.000782759073333,-0.25440569578764344
Bacteria 149,-0.13934770973914254,-2.2477163993287754,-1.979725423513718
Bacteria 150,-3.5514314650665044,-6.776568363002943,0.2153245850808717
Bacteria 151,-2.8482670628087474,-2.022126743564241,-2.867863214683183
Bacteria 152,-4.506241818437276,-5.307685688603782,-3.068774770290376
Bacteria 153,-2.4075659523676247,-0.2655817003084857,-3.991060776504319
Bacteria 154,-1.6850102895412213,-3.1464686422098667,-5.343592672589252
Bacteria 155,-1.8598936442012741,-3.6265087927719657,-3.3226557448914487
Bacteria 156,-0.6587818724043872,-3.0675045763793887,-1.6174068609544854
Bacteria 157,-2.672515359548155,-0.6703315622681871,-3.6946201061942125
Bacteria 158,-3.9212841557990212,-2.9252769449815808,-0.8407244778029482
Bacteria 159,-2.6414583917765744,-2.3461827129653976,-5.986442779448589
Bacteria 160,-2.855983571598138,-3.7068859320493326,-2.8458238177992388
Bacteria 161,-2.618183105193829,-3.2714633581824613,-3.105791529048163
Bacteria 162,1.681781721957255,-4.490073087320595,-3.0004308444051415
Bacteria 163,-3.935619989291323,-4.452730074497981,-3.855884550269564
Bacteria 164,-3.625206602328778,-4.112370621678776,-3.8307569925269713
Bacteria 165,-5.08757205227519,2.275723725263324,-12.083509348590251
Bacteria 166,-3.0140429248300356,-2.956317447181318,-4.145491892512474
Bacteria 167,-2.4239000782697104,-1.5493595666387794,-3.125984789547918
Bacteria 168,-2.0679897528937206,-2.563277345927953,-3.4456980947956204
Bacteria 169,-1.8185049246134155,-3.8686097008917266,-2.676039879457997
Bacteria 170,-3.81074139131615,-3.1797432853437484,-3.6188342427603617
Bacteria 171,-3.251446572696052,-4.265430358341549,2.484604637491809
Bacteria 172,-0.8772049896514916,-2.826362568883966,-4.523826542139915
Bacteria 173,-2.03811611394846,-2.405294167038015,-3.2156273099562656
Bacteria 174,-1.1989028842857568,-2.244709686010438,-5.489814388763748
Bacteria 175,-3.6320193751720833,-2.677214551257564,2.326788426696673
Bacteria 176,-3.2087323426835996,-2.0505982930851028,-2.151133452371702
Bacteria 177,-2.3984535828815488,-2.7805371256931264,-1.5164127346179574
Bacteria 178,-3.05909913870543,-2.121434053134229,-0.3966653049051965
Bacteria 179,-2.209998302676104,-2.2555499801263403,-2.6714655758327983
Bacteria 180,-2.528958460507666,-3.4953579109500974,-3.1091355460694388
Bacteria 181,1.760630774177222,-4.179571860176582,0.10180376812039706
Bacteria 182,-3.888701324928335,-3.8509889205376675,-3.1874729778395414
Bacteria 183,-1.7049190669556464,-2.018073891312012,-3.577880295279154
Bacteria 184,0.6195731804662038,-2.309497338120283,-5.316123924288882
Bacteria 185,-2.357162774878762,-3.3449063408655024,-2.4010547772710122
Bacteria 186,-3.7468560229315164,-3.9476922763059976,-3.569688113498891
Bacteria 187,-3.2109373747973806,-3.9782967043295665,-1.801058021266669
Bacteria 188,-1.350569304146597,-2.871726603338824,-5.199768375228877
Bacteria 189,-1.709608979625515,-3.4447429490639823,-5.115931957753718
Bacteria 190,-2.5045212953917093,-4.378479272399213,-1.0286579308276016
Bacteria 191,-0.968953120402446,-1.3470322623747821,-3.2083840295779256
Bacteria 192,-1.869344032317937,-2.281447694548419,-1.667090657554778
Bacteria 193,-3.3792835753579995,-3.755379485126418,1.9271781674997448
Bacteria 194,-2.7636599743942445,-2.303676728496893,-3.5790687241370263
Bacteria 195,0.9228321431851669,-4.422922556084905,-4.369030781209868
Bacteria 196,-2.2399937292211196,-4.0684971761875595,-1.953657920391437
Bacteria 197,-2.258584396066938,-3.224187989004145,-4.725167952046234
Bacteria 198,-3.897164828482976,-1.5885147822576595,0.3610878200012426
Bacteria 199,-3.235658477584276,-0.9191738871056849,6.170026757530704
Bacteria 200,-1.5573306422506679,-2.5818639155673577,-0.7903197688190328
Bacteria 201,-3.771124459246248,-0.257177699877563,-4.075727167951129
Bacteria 202,-2.634274733645991,-3.407053679339489,-0.613942052071383
Bacteria 203,-2.517257707043458,-2.7143571873563523,-3.5771903963455873
Bacteria 204,-1.6326618101189379,-2.382864280001508,-2.281641025968504
Bacteria 205,-4.646827432423956,-2.153098386993457,-1.050646958065011
Bacteria 206,829.9333327330162,8.792518154862524,15.595372826321439
Bacteria 207,1.5886460663237707,-3.2341132395400054,-5.849349345982308
Bacteria 208,-2.723093769350969,-4.557093459796867,2.3468903716874907
Bacteria 209,-1.4683942651191424,-1.209117868523619,-3.3468341117883043
Bacteria 210,-3.3901741389526716,-2.829578965747671,-3.419080137088508
Bacteria 211,-1.770070266578172,12.030116743747758,-4.05933038854723
Bacteria 212,-2.8717765231502326,-2.6781244807018183,-3.998234478466682
Bacteria 213,0.09516247480202979,-1.722745190797078,-3.209089976120139
Bacteria 214,-1.433137725120352,4.753777359030738,-2.9018586284060457
Bacteria 215,-0.6208028370507417,-2.581468282619779,-4.581851049982348
Bacteria 216,-0.009664628174488337,1.42107581528338,-1.3661937915790179
Bacteria 217,-3.8111849273426266,2.6339197846591897,5.92112941108804
Bacteria 218,-3.7089995979912107,-3.226375961654618,-1.1890256696852464
Bacteria 219,-2.6771322088879757,-2.1923387495569613,-0.8300616962898003
Bacteria 220,3.828027226412527,-1.316368554126307,-5.243356130084307
Bacteria 221,-3.4823789996013343,-3.949948199128739,-3.249615244791361
Bacteria 222,-4.595324408551514,-3.82624776638032,-1.549470542362309
Bacteria 223,-2.883311819747429,-3.5656275462865823,-2.5921334326863743
Bacteria 224,-3.289310483431613,-3.2902563667260063,-1.393420153655312
Bacteria 225,-3.138130983826369,-3.3407135749973107,4.320082931660958
Bacteria 226,-2.659314389653966,-3.4104151376262672,-3.198575534535447
Bacteria 227,-3.760720619064943,-4.48121690826905,-3.4793769717598972
Bacteria 228,-2.8595334318643055,-1.4526524950484427,2.9938958511698845
Bacteria 229,-3.2157033439898206,-4.240835881370061,-0.1516241989608475
Bacteria 230,-3.1502059463521954,-2.6901185813819577,-3.484774771878615
Bacteria 231,1.1460625482925761,7.640768750410961,-3.558504295198388
Bacteria 232,-2.5203933007856647,-3.0487836277235987,-2.720326477991812
Bacteria 233,-3.7307473678124348,-3.9046580845750865,-1.6359233100723183
Bacteria 234,-2.7165724046429047,-2.5226603884091143,-2.838455038573481
Bacteria 235,5.399704497469429,-1.6050835776121708,-3.4361207897443276
Bacteria 236,-1.1244796302617035,0.562569578760445,-5.749404694805711
Bacteria 237,-3.3761285107633485,-2.3050887252837864,-3.7963282733055754
Bacteria 238,-2.5637209838168467,-2.04181205559817,-3.3263397758988864
Bacteria 239,-3.1411478913057143,-2.5265895490219,-2.30992082051677
Bacteria 240,4.505048548846866,0.45729366193346205,-4.119623245179744
Bacteria 241,-1.9084939039857647,0.2872500125121971,-13.775138635645538
Bacteria 242,-2.08202533043775,14.605449680875786,-3.537300536612675
Bacteria 243,-4.270274717003007,-4.027529857855323,-4.066755027328425
Bacteria 244,2.1878525316667092,-1.8449745059944083,-3.4049766580326137
Bacteria 245,-3.214151173342718,-0.3668757138551549,-2.1360220226833513
Bacteria 246,-3.4795079347650293,-4.197577394586532,-1.0668580663862668
Bacteria 247,0.3045332256269363,0.02961292595362661,-5.778224523056547
Bacteria 248,-2.1186140841403973,-2.8855545557718933,-1.6065766583553747
Bacteria 249,-3.534291139256566,-3.5228358260053096,-3.97878092773561
Bacteria 250,-2.1774274099453246,-3.2133602036939948,-0.5397840946366544
Bacteria 251,-3.549571661541815,-2.8296676844223314,-4.237150720759342
Bacteria 252,1.2338964180294718,2.1867827309602244,-3.1610705641299393
Bacteria 253,-1.342933422170175,-1.5302782411687694,-4.930116776897147
Bacteria 254,-3.453378345850692,-3.4040591960941704,3.962071415720207
Bacteria 255,-2.989856116427339,-4.023685782512141,-1.8932930268570205
Bacteria 256,-3.6261599522354766,-4.397662861362241,-1.3141570360913988
Bacteria 257,-4.778900125501346,-6.547455242223868,-2.640532347143244
Bacteria 258,-2.4412946481989115,-1.9587308653315114,-2.600436713336241
Bacteria 259,-2.666734566961207,-2.9323068407088697,-2.1614200592708146
Bacteria 260,-3.375993160681526,-3.488831942243376,1.4840759116499056
Bacteria 261,-2.2126425344887837,-4.130867872752229,-3.6044624029239496
Bacteria 262,0.6817255610201233,-2.9902227516350215,-5.700228315022873
Bacteria 263,-1.0465370567288033,-1.948527937985805,-3.8198490969101773
Bacteria 264,-3.4599740470493225,-4.217489379818464,-3.625240465997687
Bacteria 265,-2.241727454497831,-3.094278046541557,-3.0728324796900384
Bacteria 266,-4.020571526480955,-1.9813955041461662,-2.298846116711269
Bacteria 267,-0.12082778752766977,2.132108827600097,-0.7856250239236822
Bacteria 268,-1.5242851458662432,-2.9131694204241723,2.1188189214953073
Bacteria 269,-3.4264225378642754,-2.5626209564182596,0.6698254564667664
Bacteria 270,-2.7169143037003005,-4.339075015769252,4.112849066640188
Bacteria 271,10.817608066308818,-0.5172548614781771,-4.66143047741645
Bacteria 272,-3.6098866114708894,-3.0401653719219386,-4.414090957601904
Bacteria 273,-3.6124286387617004,-3.2741035102023357,-1.032632834424982
Bacteria 274,-3.499795191812669,-1.9771802736849589,-3.65510117469814
Bacteria 275,-0.692969350377208,-2.9765325702680654,-4.950128012521938
Bacteria 276,-1.7289122590017223,-1.7907326617945594,-4.048680028398696
Bacteria 277,-3.402125788111275,-4.27051466883277,0.5323347573180737
Bacteria 278,-3.423411413445617,-3.889166386128481,-1.995704120190465
Bacteria 279,-2.8243557609616627,-2.9841025370709593,-0.07755317318044505
Bacteria 280,-0.011191895832097015,-2.590215727975745,-4.196172620616315
Bacteria 281,-2.874143848581812,-3.5936761997773985,-3.716643290239024
Bacteria 282,3.9742277616240145,-2.6977489028234927,-3.162722991889417
Bacteria 283,-2.089064748824086,-2.7186850853864635,-3.814120558541093
Bacteria 284,-2.219746080668719,-2.3170506442374306,-2.932288788672786
Bacteria 285,-0.8592572203886194,-0.8597643567213038,-4.357132001897681
Bacteria 286,-2.867637508730388,-4.099504134763574,-2.5359389737664606
Bacteria 287,-3.138216873552304,-1.7189651132140944,-3.7090975855695816
Bacteria 288,-3.205246128298575,-2.9123221872192295,-1.0443509412999192
Bacteria 289,-3.359440170936648,-2.773373160413211,-1.8478769806614177
Bacteria 290,-2.7232070884672446,-3.2181595858434617,-3.528039736900821
Bacteria 291,1.1297570175013074,-1.553155092765685,-5.246855579391704
Bacteria 292,-1.1516220582468053,14.705117877939593,-4.191861099917478
Bacteria 293,-2.5755675277725647,-3.467522020191446,-0.42273233257748744
Bacteria 294,-4.1309147699283,-2.6134120283579625,-1.037567422797217
Bacteria 295,-1.3847386243033444,-2.484797638184089,-4.140955105573643
Bacteria 296,-0.763371813997063,-1.9674907043867806,-3.8418091394888774
Bacteria 297,1.7370802923169515,0.8194760506052089,-2.7639213203773925
Bacteria 298,-1.3087749568458686,-3.3591225833406693,-3.3338760999818757
Bacteria 299,-2.8990943923091033,-2.9797783156528728,-3.685968909579707
Bacteria 300,-2.0899568939387505,-3.1513373782793734,3.5388676074798173
Bacteria 301,-3.0195126511716177,-4.653552340916984,-2.6107162254771494
Bacteria 302,-3.3957730015882452,-2.3964429090477273,-1.375530513255889
Bacteria 303,-1.5718794134262852,0.33039183194465827,-4.830467521723128
Bacteria 304,-2.2190311761162334,-2.588322151542485,0.9181951269074323
Bacteria 305,-1.2199007409121028,1.0312782830554827,-1.171718546570094
Bacteria 306,-3.489246602340941,-3.6839792420247157,-1.1166904062448981
Bacteria 307,-0.21617739846993264,-3.1762523208123485,-3.0970800450436315
Bacteria 308,-2.216542867646527,-3.191435190764652,-2.9730174952505415
Bacteria 309,-3.647674295522297,-2.0032185504616455,-3.892868463154667
Bacteria 310,-3.1659542670299032,-3.076034119120404,-3.210997841036193
Bacteria 311,1.7471836763474795,8.955908584416266,-4.675857424251594
Bacteria 312,-3.509771822064538,-4.062773902477548,-3.8797032180710787
Bacteria 313,-1.9201870056340908,-2.7740999978526264,3.243818475596897
Bacteria 314,-1.7774764015099305,-1.1586661478371583,-3.9994125325535816
Bacteria 315,0.017190899135483672,-1.5858373157067338,-0.8797885660833575
Bacteria 316,-3.2942951040447297,-3.0830962535976987,-1.322066687078612
Bacteria 317,-3.2766598702745444,-0.48728395362815907,-2.5768179104985824
Bacteria 318,-1.9886585894363515,-0.9742152069940141,-2.987260246786196
Bacteria 319,-2.5568632488230127,-2.8522770717343446,-3.105274624136782
Bacteria 320,-2.6481269036938104,-2.3129917017419737,-4.738215933573258
Bacteria 321,-1.1105190089226635,-2.2956878898050688,-2.325932856234726
Bacteria 322,-1.2730981893085667,-3.0438515996148316,4.016986007894926
Bacteria 323,-2.2232311230659123,-1.528082387238725,-4.317355569152584
Bacteria 324,-3.6307299190124063,-3.9887391285227243,-1.2879470129115589
Bacteria 325,-3.1201964656095855,-2.794428035054981,-3.7901248158684737
Bacteria 326,-2.908479961178281,-2.1478802405491115,-3.2322771790502833
Bacteria 327,-1.8495511348118852,-2.7309016732191824,-3.8162074458274837
Bacteria 328,3.7571134973588447,1.7048355927714711,-4.124972926924303
Bacteria 329,-2.4782177242657317,-1.1221520206729378,-1.450910149186455
Bacteria 330,-2.605558715851104,-1.0642207778072874,-3.7190353918008063
Bacteria 331,0.20271710356040384,-2.616990601203381,-3.0474879315717436
Bacteria 332,-2.741858374170906,-2.0248921465936722,-1.9836178742664985
Bacteria 333,-1.8330652112260497,-2.848067724359491,-3.4738703158715674
Bacteria 334,-3.2881532560828877,-3.4417550469331872,-1.087291893351571
Bacteria 335,-2.3499862492506263,-2.2067723602176783,-3.1006032864911632
Bacteria 336,-3.5435452689459233,-2.9358772990157944,2.3561264750194764
Bacteria 337,-2.9090080343224254,-3.622315468636483,3.494065826818218
Bacteria 338,-3.592654980745639,-3.6099503266700763,-1.3990415209436342
Bacteria 339,2.210879209283825,-2.492416319201056,-1.4902462208501044
Bacteria 340,-1.8100956552245522,-3.111361929375242,-2.8776795378943145
Bacteria 341,-2.8945728939786237,0.8513306617285223,-1.8482479554000244
Bacteria 342,-3.361044593050524,-3.8772301491408765,-2.1759858918273984
Bacteria 343,-3.234105014812152,-2.5614636036803815,-3.738565602019225
Bacteria 344,-2.4098787681863643,-2.1228634363142374,-4.3031353023513885
Bacteria 345,-2.694332959814909,-2.8457581953400695,-3.263253842743224
Bacteria 346,-1.5387323412412963,-1.589158216553657,-4.263494962091696
Bacteria 347,-1.1020641232242847,-1.0851395582775991,-4.777953670271541
Bacteria 348,-3.8362652018341015,-3.655754596379292,-2.7641723360737447
Bacteria 349,-3.383763144889098,-2.296999537258426,-1.1455811959622142
Bacteria 350,-1.6626779802523566,-2.53806737460039,-1.641459315664116
Bacteria 351,-1.7945070017850404,-2.71467441345921,-3.2952196412710033
Bacteria 352,-2.4581648487524643,-3.9626376376321475,-2.898729267894726
Bacteria 353,-1.4158927759079694,-1.236183291701557,-4.0213995683967525
Bacteria 354,-1.5689581032192386,-2.313165586903542,-3.340070418506504
Bacteria 355,-3.674789149605126,-3.8887924506446874,-3.4184149095152185
Bacteria 356,-2.1962426812177154,-1.0248652173223136,-0.28038429105377516
Bacteria 357,-3.42554092805614,-3.716709033253647,-2.740486051983734
Bacteria 358,-2.275453418168251,-2.44928567033011,-4.676581940269038
Bacteria 359,-2.140279832803216,-2.1460726466148765,-2.095683071193338
Bacteria 360,-3.598246167827145,-1.3558341977596813,-2.9163174267289538
Bacteria 361,2.9345298178912964,1.9642840501920225,-3.7017526461791146
Bacteria 362,1.351396759766603,-2.205859570997857,-3.452721089594876
Bacteria 363,-3.8981048137765675,-4.3083783203579955,-3.415175834918436
Bacteria 364,-2.040386352242106,-1.5134065963802554,-3.0236840692607156
Bacteria 365,-3.9738917482544114,-3.860444214947606,-3.622021652701607
Bacteria 366,-3.4009120599348455,-0.37625582516592576,-2.4262159414746645
Bacteria 367,-3.202605543981155,0.6697041431440807,-3.1772055313106184
Bacteria 368,-1.4347004771424392,-1.3235450026139162,-1.2584311203240326
Bacteria 369,-3.5978227159011875,-2.0456207586845947,-3.7575138581254794
Bacteria 370,-1.1421879596554139,-0.893565839622024,-3.9740792876076627
Bacteria 371,-2.7999240796783,-3.037076831135561,-3.110787342416911
Bacteria 372,-2.1242191419880774,-3.656429712768317,-3.3955921602973973
Bacteria 373,-2.488856720066202,-1.9736283643886918,-3.1056437517989863
Bacteria 374,-2.308540083448559,-3.083519508933851,-2.489835470143807
Bacteria 375,-3.354730430403835,-1.554953423519212,7.6088432033839
Bacteria 376,-2.310382970580455,-3.4692588374791073,-3.996872536230035
Bacteria 377,-2.6168875702574015,-2.3533996935540906,-1.7154975249023063
Bacteria 378,-3.299701358139782,-3.5365131629779687,-0.8392396272243622
Bacteria 379,1.8940816232828188,0.22113375875327082,-1.191030033852056
Bacteria 380,-3.635122745715118,-3.1611844754695806,-0.6809151408783366
Bacteria 381,-0.3816673221059317,0.11180533220829875,-3.482974267234667
Bacteria 382,-2.723179979931019,-0.8937597694003394,-3.728426027331461
Bacteria 383,1.1239239144239255,-2.747631983106606,-3.368698452313394
Bacteria 384,-2.042947348884135,-2.864411486823678,-2.6656244541304726
Bacteria 385,-3.7249873153301625,-3.342718754475584,-3.581729469397599
Bacteria 386,-2.1491299359094547,-2.233554924760951,-2.642711481189909
Bacteria 387,3.2649258634590046,-2.5822781961444887,-4.376591561492087
Bacteria 388,-3.1260335209598566,2.531755103486005,-3.56153324331781
Bacteria 389,-3.8842059911569793,-3.843923949589131,-2.5041278479061115
Bacteria 390,-2.8244405932506647,-0.5380223305895677,-3.7769448318701704
Bacteria 391,-1.5046329333830635,-2.946300212808868,-2.537076581143394
